knowles, high-density solution
relative sensitivities (%/%), first order

 keff sensitivities          keff=  0.00336496

 92235.711nm              isotope   1 in material      1
 summary (sums over groups)
 density        9.474004E-01
 total         -2.024147E-03
 abs           -1.961392E-03
 (n,g)         -2.918850E-04
 chi_(fn)       4.504816E-17
 nu             9.493609E-01
 fiss           9.476914E-01
 elastic        9.479545E-05
 inelastic      2.803065E-05
 in-scat-0      2.269775E-07
 self-scat-0    7.867788E-07
 out-scat-0     2.269775E-07
 in-scat-1     -8.454566E-10
 self-scat-1   -1.806954E-07
 out-scat-1    -8.454566E-10
 in-scat-2      2.687533E-12
 self-scat-2    8.573046E-09
 out-scat-2     2.687533E-12
 in-scat-3     -1.564441E-13
 self-scat-3   -3.842052E-10
 out-scat-3    -1.564441E-13
 ssctt          6.359576E-05
 group  e_lower       e_upper       e_average     density       total         abs           (n,g)         chi_(fn)      nu            fiss          elastic       inelastic     in-scat-0     self-scat-0   out-scat-0    in-scat-1     self-scat-1   out-scat-1    in-scat-2     self-scat-2   out-scat-2    in-scat-3     self-scat-3   out-scat-3    ssctt
     1  1.500000E+01  1.700000E+01  1.578849E+01  6.714605E-08 -9.999855E-11 -2.485859E-11 -1.036711E-14 -1.455552E-06  6.716169E-08  6.712570E-08  1.640669E-09  2.689815E-10  0.000000E+00  1.435538E-11  8.318554E-12  0.000000E+00 -1.466571E-11 -6.026675E-13  0.000000E+00  1.975423E-12  2.231680E-14  0.000000E+00 -1.846236E-13 -3.388238E-16  8.435829E-11
     2  1.350000E+01  1.500000E+01  1.411312E+01  1.403790E-07 -2.072888E-10 -5.262527E-11 -4.176624E-14 -7.599065E-06  1.404064E-07  1.403328E-07  3.442277E-09  6.553652E-10  4.598918E-13  2.908649E-11  2.248940E-11 -2.589178E-13 -2.856449E-11 -1.127641E-12  1.309345E-14  3.619625E-12  3.269762E-14 -2.700221E-16 -3.182307E-13  7.322841E-17  1.798815E-10
     3  1.200000E+01  1.350000E+01  1.294030E+01  3.878893E-07 -6.204261E-10 -1.298141E-10 -1.686400E-13 -3.307156E-05  3.879153E-07  3.877137E-07  1.044849E-08  2.220977E-09  1.032398E-12  8.580420E-11  9.377445E-11 -4.876359E-13 -8.170471E-11 -3.235458E-12  1.774877E-14  9.885396E-12  7.586250E-14  2.341402E-17 -8.360071E-13  1.484420E-15  5.943772E-10
     4  1.000000E+01  1.200000E+01  1.105976E+01  1.700311E-06 -3.142074E-09 -4.958319E-10 -1.076169E-12 -1.872033E-04  1.700134E-06  1.699188E-06  4.850740E-08  1.259949E-08  5.132478E-12  3.806094E-10  6.165103E-10 -1.681561E-12 -3.462245E-10 -1.368979E-11  4.171223E-14  3.872824E-11  2.341255E-13  1.408139E-15 -3.096388E-12  9.638569E-15  3.319323E-09
     5  7.790000E+00  1.000000E+01  8.753268E+00  8.545673E-06 -1.842192E-08 -3.494794E-09 -6.669683E-12 -8.554378E-04  8.546027E-06  8.540614E-06  2.653651E-07  9.086951E-08  3.425335E-11  2.159737E-09  2.773339E-09 -7.191200E-12 -1.928301E-09 -5.577951E-11  1.106758E-13  2.083385E-10  4.753393E-13  8.632579E-15 -1.641860E-11  2.916623E-14  1.806855E-08
     6  6.070000E+00  7.790000E+00  6.826302E+00  2.002559E-05 -6.348233E-08 -1.024637E-08 -2.605784E-11 -2.966103E-03  2.002537E-05  2.001177E-05  1.067275E-06  4.711802E-07  1.435786E-10  8.012257E-09  9.090450E-09 -2.657913E-11 -7.173672E-09 -1.418084E-10 -2.956067E-15  7.351858E-10  1.091086E-12  2.373307E-14 -5.380700E-11 -4.691476E-15  6.370565E-08
     7  3.680000E+00  6.070000E+00  4.566591E+00  7.268148E-05 -4.223386E-07 -6.042887E-08 -4.597289E-10 -1.514870E-02  7.268538E-05  7.262494E-05  6.870606E-06  3.772046E-06  8.492439E-10  4.333579E-08  4.775250E-08 -9.888628E-11 -3.678877E-08 -3.008989E-10 -4.605424E-14  2.665279E-09  4.278694E-12 -6.225694E-15 -1.308822E-10 -1.132835E-13  4.184469E-07
     8  2.865000E+00  3.680000E+00  3.236809E+00  6.530932E-05 -4.239348E-07 -6.568355E-08 -1.225382E-09 -7.020007E-03  6.533401E-05  6.526955E-05  5.784600E-06  3.270661E-06  2.218913E-09  3.260836E-08  3.297004E-08 -1.814667E-10 -2.577819E-08 -2.263007E-10  1.957645E-12  1.468806E-09  2.781831E-12 -7.521832E-14 -5.653131E-11 -2.464426E-14  3.992402E-07
     9  2.232000E+00  2.865000E+00  2.524308E+00  8.520902E-05 -5.254960E-07 -9.052511E-08 -2.824341E-09 -6.009013E-03  8.524456E-05  8.515686E-05  6.356796E-06  4.016330E-06  3.335736E-09  4.203373E-08  4.157467E-08 -2.217928E-10 -3.014921E-08 -1.858117E-10  1.710877E-12  1.783386E-09 -3.328724E-13 -3.913362E-14 -7.454400E-11 -1.859131E-14  4.899528E-07
    10  1.738000E+00  2.232000E+00  1.972880E+00  7.724288E-05 -4.872968E-07 -9.164706E-08 -4.188949E-09 -8.913151E-04  7.729438E-05  7.720692E-05  4.969043E-06  3.367326E-06  7.690569E-09  3.037849E-08  2.803675E-08 -1.973384E-10 -1.893025E-08 -1.292239E-10 -7.198700E-13  8.190452E-10 -2.206312E-12 -3.281800E-14 -2.774606E-11 -3.767030E-14  4.357946E-07
    11  1.353000E+00  1.738000E+00  1.536035E+00  7.298822E-05 -4.774827E-07 -9.340528E-08 -5.768802E-09  1.375664E-03  7.304849E-05  7.296086E-05  4.428234E-06  2.928922E-06  1.216696E-08  2.439994E-08  2.200376E-08 -1.662300E-10 -1.357986E-08 -1.006177E-10 -1.693957E-12  4.272971E-10 -1.761001E-12 -3.964546E-14 -1.262545E-11 -1.817107E-14  4.172135E-07
    12  8.230000E-01  1.353000E+00  1.069418E+00  1.116866E-04 -8.353568E-07 -1.583992E-07 -1.288465E-08  7.103506E-03  1.118076E-04  1.116621E-04  8.065050E-06  4.290268E-06  3.803286E-08  3.154248E-08  2.058438E-08 -1.913505E-10 -1.482828E-08 -8.585314E-11  3.614367E-13  2.466686E-10 -1.190199E-12 -1.272796E-14 -5.113227E-12  5.615554E-15  7.144106E-07
    13  5.000000E-01  8.230000E-01  6.573911E-01  9.217047E-05 -8.609310E-07 -1.423975E-07 -1.558761E-08  8.375862E-03  9.227972E-05  9.215291E-05  8.876026E-06  3.007724E-06  5.077350E-08  3.541070E-08  1.184414E-08 -1.396041E-10 -1.420740E-08 -3.057356E-11  1.441279E-12  1.334843E-10 -4.388491E-13  5.040951E-15 -1.786014E-12  8.506609E-15  7.516817E-07
    14  3.030000E-01  5.000000E-01  4.014768E-01  7.041865E-05 -7.605026E-07 -1.201661E-07 -1.664310E-08  7.188477E-03  7.052164E-05  7.041812E-05  7.672179E-06  1.628551E-06  4.803136E-08  1.957292E-08  3.911398E-09 -3.377597E-11 -6.337075E-09  4.966595E-12 -2.077602E-13  2.070131E-11 -2.013130E-13  6.769599E-15 -2.362089E-13  4.012771E-15  6.575090E-07
    15  1.840000E-01  3.030000E-01  2.394717E-01  5.822133E-05 -6.858566E-07 -1.051679E-07 -1.780866E-08  4.258956E-03  5.830999E-05  5.822263E-05  5.657337E-06  7.129166E-07  2.978828E-08  1.786340E-08  2.815855E-09 -3.624782E-12 -4.217126E-09  3.165916E-11 -2.354645E-13  8.344395E-12 -1.327791E-13  2.002637E-15 -6.425114E-14  1.908491E-15  5.971906E-07
    16  6.760000E-02  1.840000E-01  1.165731E-01  9.558837E-05 -1.142524E-06 -1.880277E-07 -3.930557E-08  3.596644E-03  9.575422E-05  9.560550E-05  9.861041E-06  4.197398E-07  2.431029E-08  2.431472E-08  1.132412E-09  3.149434E-11 -3.310011E-09  4.274016E-11 -5.434220E-14  2.098554E-12 -3.073779E-14  1.438120E-15 -1.474769E-14  3.404437E-16  9.766785E-07
    17  2.480000E-02  6.760000E-02  4.281757E-02  9.072709E-05 -1.017491E-06 -1.915305E-07 -4.630088E-08  9.218427E-04  9.090315E-05  9.075792E-05  8.727964E-06  3.646122E-08  6.177566E-09  1.612952E-08  2.823543E-10  4.373458E-11 -9.865406E-10  4.047639E-11 -5.653528E-15  1.686595E-13 -4.910508E-15  3.141096E-16 -5.866504E-16  3.112031E-17  8.414262E-07
    18  9.120000E-03  2.480000E-02  1.571929E-02  1.063282E-04 -1.010116E-06 -2.310201E-07 -5.908017E-08  2.290426E-04  1.065467E-04  1.063747E-04  7.368272E-06  1.909246E-09  1.560642E-09  1.271211E-08  1.646002E-10  3.993105E-11 -3.298768E-10  3.521599E-11  7.500304E-16  2.391144E-14 -1.447266E-15  5.931749E-17 -7.546146E-17  2.283364E-18  7.916776E-07
    19  3.350000E-03  9.120000E-03  5.777994E-03  1.474686E-04 -1.084642E-06 -3.244282E-07 -8.404760E-08  5.275434E-05  1.477819E-04  1.475415E-04  7.876651E-07  1.228731E-13  4.395424E-10  1.110508E-08  1.361605E-10  3.543627E-11 -1.428466E-10  3.074027E-11  3.371705E-16  3.281289E-15 -5.910160E-16  9.589131E-18 -4.575749E-18  7.996296E-19  7.713434E-07
    20  1.235000E-03  3.350000E-03  2.125947E-03  2.241118E-04 -1.263559E-06 -5.392399E-07 -1.710848E-07  1.280612E-05  2.246410E-04  2.242729E-04  7.489344E-07  4.626024E-15  2.157765E-10  9.915679E-09  1.302545E-10  3.033724E-11 -8.311413E-11  2.906381E-11  3.897077E-16  1.564733E-15 -8.737637E-16  7.176892E-19 -3.836185E-17  3.873747E-17  7.343107E-07
    21  4.540000E-04  1.235000E-03  7.827389E-04  3.971968E-04 -1.690077E-06 -9.581154E-07 -3.011400E-07  3.206622E-06  3.981452E-04  3.974882E-04  7.559101E-07  0.000000E+00  1.578763E-10  9.667072E-09  1.117408E-10  2.882044E-11 -6.065433E-11  2.394960E-11 -2.416460E-16  1.680228E-15 -1.449347E-15  3.783419E-17 -9.323571E-17  9.405064E-17  7.417034E-07
    22  1.670000E-04  4.540000E-04  2.877561E-04  6.369633E-04 -2.280037E-06 -1.548215E-06 -4.879039E-07  8.265554E-07  6.385020E-04  6.374417E-04  7.550916E-07  0.000000E+00  1.200190E-10  9.452960E-09  1.082700E-10  2.384201E-11 -5.622103E-11  2.581836E-11 -1.142807E-15 -7.763870E-16  9.160256E-16  9.268858E-17  8.069518E-17 -8.022803E-17  7.413530E-07
    23  6.140000E-05  1.670000E-04  1.058308E-04  8.022110E-04 -2.807281E-06 -2.096837E-06 -7.534569E-07  2.234116E-07  8.042987E-04  8.029553E-04  7.332018E-07  0.000000E+00  1.101859E-10  9.038416E-09  1.245330E-10  2.578624E-11 -5.452061E-11  2.728804E-11  1.009264E-15  9.047843E-16 -8.060485E-16 -8.107845E-17 -4.133978E-18  4.200288E-18  7.195797E-07
    24  2.260000E-05  6.140000E-05  3.892803E-05  1.689619E-03 -5.152532E-06 -4.431177E-06 -1.585249E-06  6.407000E-08  1.694041E-03  1.691195E-03  7.436483E-07  0.000000E+00  1.248694E-10  9.094970E-09  8.954077E-11  2.728200E-11 -4.718935E-11  2.050670E-11 -7.884565E-16 -9.957755E-17  1.924523E-16  3.998050E-18 -1.104361E-16  1.103015E-16  7.305127E-07
    25  8.320000E-06  2.260000E-05  1.432849E-05  2.203101E-03 -7.046180E-06 -6.322708E-06 -2.591383E-06  1.945274E-08  2.209414E-03  2.205683E-03  7.445207E-07  0.000000E+00  8.958846E-11  9.046328E-09  7.467130E-11  2.050589E-11 -4.486662E-11  1.849832E-11  1.948389E-16  7.129284E-16 -6.263141E-16  1.102759E-16  2.308719E-18 -2.296105E-18  7.325672E-07
    26  3.060000E-06  8.320000E-06  5.274470E-06  7.030645E-04 -3.311963E-06 -2.637609E-06 -1.440992E-06  5.829955E-09  7.056937E-04  7.044970E-04  6.978733E-07  0.000000E+00  7.467704E-11  8.304919E-09  1.341812E-10  1.849822E-11 -4.874451E-11  2.444191E-11 -6.260442E-16  2.883755E-16 -2.080593E-16 -2.299125E-18 -1.054543E-18  1.068835E-18  6.827687E-07
    27  1.130000E-06  3.060000E-06  1.942925E-06  7.535246E-04 -2.564524E-06 -1.812224E-06 -5.183637E-07  1.935358E-09  7.553276E-04  7.540338E-04  7.762963E-07  0.000000E+00  1.341814E-10  9.071818E-09  1.340666E-10  2.444191E-11 -5.377142E-11  2.669877E-11 -2.080506E-16  2.842337E-16 -1.881059E-16  1.068766E-18 -9.545203E-20  9.683763E-20  7.614786E-07
    28  4.140000E-07  1.130000E-06  7.149371E-07  2.466258E-03 -5.671565E-06 -4.863609E-06 -5.966231E-07  7.001168E-10  2.471112E-03  2.466845E-03  8.327253E-07  0.000000E+00  1.340666E-10  9.327661E-09  1.364683E-10  2.669877E-11 -5.476309E-11  2.624069E-11 -1.881059E-16  3.471935E-16 -2.286554E-16  9.683763E-20 -7.208644E-20  7.222968E-20  8.173916E-07
    29  1.520000E-07  4.140000E-07  2.624907E-07  5.658140E-03 -1.277720E-05 -1.195720E-05 -2.085800E-06  2.588709E-10  5.670088E-03  5.660217E-03  8.427129E-07  0.000000E+00  1.364683E-10  8.729437E-09  1.199031E-10  2.624069E-11 -5.045479E-11  2.176172E-11 -2.286554E-16  2.860602E-16 -1.346224E-16  7.222968E-20 -7.694933E-20  5.728875E-20  8.288226E-07
    30  1.390000E-10  1.520000E-07  4.732279E-08  9.306893E-01 -1.969762E-03 -1.922347E-03 -2.810468E-04  1.528949E-10  9.326113E-01  9.309700E-01  3.430405E-07  0.000000E+00  1.199031E-10  3.430405E-07  0.000000E+00  2.176172E-11 -9.825292E-10  0.000000E+00 -1.346224E-16  1.756778E-15  0.000000E+00  5.728875E-20  0.000000E+00  0.000000E+00  4.775676E-05
 total                                            9.474004E-01 -2.024147E-03 -1.961392E-03 -2.918850E-04  4.504816E-17  9.493609E-01  9.476914E-01  9.479545E-05  2.803065E-05  2.269775E-07  7.867788E-07  2.269775E-07 -8.454566E-10 -1.806954E-07 -8.454566E-10  2.687533E-12  8.573046E-09  2.687533E-12 -1.564441E-13 -3.842052E-10 -1.564441E-13  6.359576E-05
fission chi sensitivity matrix (columns are from, rows are to), full normalization
             1             2             3             4             5             6             7             8             9            10            11            12            13            14            15            16            17            18            19            20            21            22            23            24            25            26            27            28            29            30
     1 -2.299274E-13 -5.209261E-13 -1.489383E-12 -5.684849E-12 -2.479657E-11 -5.656738E-11 -1.469667E-10 -1.026167E-10 -1.273615E-10 -1.257850E-10 -1.202873E-10 -1.881579E-10 -1.473037E-10 -1.077901E-10 -8.638602E-11 -1.385200E-10 -1.298387E-10 -1.517556E-10 -2.106371E-10 -3.207584E-10 -5.700784E-10 -9.167064E-10 -1.157712E-09 -2.444323E-09 -3.195191E-09 -1.022731E-09 -1.096861E-09 -3.595293E-09 -8.264622E-09 -1.431095E-06
     2 -1.040970E-12 -2.390822E-12 -7.074708E-12 -2.717649E-11 -1.188519E-10 -2.842677E-10 -7.866484E-10 -5.630485E-10 -7.037362E-10 -6.856459E-10 -6.523813E-10 -1.011703E-09 -7.976319E-10 -5.854153E-10 -4.711676E-10 -7.577331E-10 -7.108739E-10 -8.302351E-10 -1.150798E-09 -1.749583E-09 -3.104090E-09 -4.983079E-09 -6.283093E-09 -1.324579E-08 -1.729036E-08 -5.527049E-09 -5.920284E-09 -1.938263E-08 -4.450519E-08 -7.466926E-06
     3 -3.951934E-12 -9.057336E-12 -2.697024E-11 -1.054960E-10 -4.699044E-10 -1.140839E-09 -3.312207E-09 -2.445082E-09 -3.073878E-09 -2.965314E-09 -2.817594E-09 -4.358149E-09 -3.456870E-09 -2.549894E-09 -2.059633E-09 -3.321503E-09 -3.120786E-09 -3.646069E-09 -5.053447E-09 -7.681209E-09 -1.362334E-08 -2.186273E-08 -2.755780E-08 -5.807930E-08 -7.579272E-08 -2.422166E-08 -2.593862E-08 -8.490166E-08 -1.949025E-07 -3.249307E-05
     4 -1.878294E-11 -4.270708E-11 -1.271882E-10 -5.108074E-10 -2.340326E-09 -5.743704E-09 -1.769659E-08 -1.362492E-08 -1.725773E-08 -1.644286E-08 -1.560837E-08 -2.409306E-08 -1.926228E-08 -1.431110E-08 -1.161351E-08 -1.879759E-08 -1.769963E-08 -2.069380E-08 -2.868720E-08 -4.360661E-08 -7.733204E-08 -1.240889E-07 -1.563970E-07 -3.295815E-07 -4.300603E-07 -1.374259E-07 -1.471554E-07 -4.816288E-07 -1.105558E-06 -1.839259E-04
     5 -7.048774E-11 -1.579524E-10 -4.670053E-10 -1.936594E-09 -9.192556E-09 -2.269467E-08 -7.482215E-08 -6.057803E-08 -7.740379E-08 -7.270417E-08 -6.897145E-08 -1.063074E-07 -8.578917E-08 -6.430956E-08 -5.247399E-08 -8.530442E-08 -8.053513E-08 -9.425745E-08 -1.307247E-07 -1.987701E-07 -3.525375E-07 -5.657462E-07 -7.131114E-07 -1.502899E-06 -1.961243E-06 -6.267637E-07 -6.711858E-07 -2.196890E-06 -5.043195E-06 -8.405167E-04
     6 -2.139618E-10 -4.731084E-10 -1.388742E-09 -5.880916E-09 -2.855911E-08 -7.088300E-08 -2.465472E-07 -2.071244E-07 -2.664761E-07 -2.474340E-07 -2.345010E-07 -3.607558E-07 -2.932778E-07 -2.213054E-07 -1.813603E-07 -2.958187E-07 -2.798212E-07 -3.277128E-07 -4.545792E-07 -6.912255E-07 -1.225825E-06 -1.966975E-06 -2.479081E-06 -5.224220E-06 -6.816856E-06 -2.178309E-06 -2.332510E-06 -7.634065E-06 -1.752353E-05 -2.914307E-03
     7 -9.945463E-10 -2.142147E-09 -6.144250E-09 -2.657770E-08 -1.317882E-07 -3.234306E-07 -1.184564E-06 -1.038797E-06 -1.347363E-06 -1.234223E-06 -1.168460E-06 -1.793863E-06 -1.471185E-06 -1.118960E-06 -9.217291E-07 -1.509430E-06 -1.431078E-06 -1.677288E-06 -2.327133E-06 -3.538888E-06 -6.275372E-06 -1.006869E-05 -1.268906E-05 -2.673784E-05 -3.488650E-05 -1.114713E-05 -1.193545E-05 -3.906107E-05 -8.965696E-05 -1.488399E-02
     8 -4.557828E-10 -9.519061E-10 -2.631385E-09 -1.162302E-08 -5.884960E-08 -1.391319E-07 -5.182504E-07 -4.711573E-07 -6.151876E-07 -5.575097E-07 -5.275833E-07 -8.092076E-07 -6.684644E-07 -5.118868E-07 -4.234239E-07 -6.956763E-07 -6.608450E-07 -7.750634E-07 -1.075684E-06 -1.636182E-06 -2.901681E-06 -4.656139E-06 -5.868445E-06 -1.236679E-05 -1.613700E-05 -5.156575E-06 -5.521635E-06 -1.807182E-05 -4.148294E-05 -6.897685E-03
     9 -3.982343E-10 -8.137294E-10 -2.183505E-09 -9.793097E-09 -5.038690E-08 -1.149343E-07 -4.266548E-07 -3.966426E-07 -5.199715E-07 -4.682448E-07 -4.431142E-07 -6.795552E-07 -5.638253E-07 -4.336293E-07 -3.595891E-07 -5.919856E-07 -5.630583E-07 -6.607202E-07 -9.172764E-07 -1.395615E-06 -2.475514E-06 -3.972990E-06 -5.008228E-06 -1.055554E-05 -1.377538E-05 -4.402449E-06 -4.714643E-06 -1.543221E-05 -3.542739E-05 -5.904650E-03
    10 -6.679894E-11 -1.138995E-10 -2.072017E-10 -1.193666E-09 -8.027174E-09 -1.258031E-08 -4.003850E-08 -5.054757E-08 -6.948293E-08 -5.812620E-08 -5.494081E-08 -8.389564E-08 -7.338482E-08 -5.913705E-08 -5.038047E-08 -8.471481E-08 -8.154799E-08 -9.598311E-08 -1.334791E-07 -2.034193E-07 -3.611638E-07 -5.801696E-07 -7.319651E-07 -1.543856E-06 -2.016176E-06 -6.447627E-07 -6.908947E-07 -2.262720E-06 -5.197241E-06 -8.761249E-04
    11  8.612811E-11  2.015613E-10  6.527697E-10  2.616841E-09  1.116431E-08  3.165566E-08  1.234202E-07  9.905949E-08  1.259753E-07  1.188188E-07  1.126252E-07  1.734227E-07  1.393453E-07  1.040328E-07  8.465911E-08  1.372509E-07  1.294235E-07  1.516207E-07  2.103380E-07  3.197923E-07  5.671144E-07  9.099688E-07  1.146857E-06  2.416850E-06  3.153698E-06  1.007769E-06  1.079129E-06  3.531962E-06  8.107567E-06  1.351667E-03
    12  4.789423E-10  1.023529E-09  2.931548E-09  1.261301E-08  6.112715E-08  1.487938E-07  5.501256E-07  4.821021E-07  6.247509E-07  5.726462E-07  5.423918E-07  8.334753E-07  6.830700E-07  5.196591E-07  4.279400E-07  7.005992E-07  6.643760E-07  7.793057E-07  1.081809E-06  1.645797E-06  2.919500E-06  4.685842E-06  5.907183E-06  1.245111E-05  1.625018E-05  5.193654E-06  5.562251E-06  1.820759E-05  4.180083E-05  6.980193E-03
    13  5.801863E-10  1.218569E-09  3.377861E-09  1.481552E-08  7.465553E-08  1.754670E-07  6.322439E-07  5.662328E-07  7.374854E-07  6.709068E-07  6.349727E-07  9.742573E-07  8.026392E-07  6.131444E-07  5.064317E-07  8.310721E-07  7.889428E-07  9.251837E-07  1.283962E-06  1.952884E-06  3.463283E-06  5.557217E-06  7.004029E-06  1.475968E-05  1.925917E-05  6.154189E-06  6.589802E-06  2.156761E-05  4.950683E-05  8.229809E-03
    14  4.960752E-10  1.036709E-09  2.837079E-09  1.255216E-08  6.453609E-08  1.500402E-07  5.349529E-07  4.836716E-07  6.312512E-07  5.727807E-07  5.421143E-07  8.316766E-07  6.866080E-07  5.254356E-07  4.344765E-07  7.136998E-07  6.778375E-07  7.947612E-07  1.102892E-06  1.677483E-06  2.974854E-06  4.773455E-06  6.016169E-06  1.267773E-05  1.654228E-05  5.285943E-06  5.660014E-06  1.852425E-05  4.252043E-05  7.063061E-03
    15  2.872828E-10  6.018227E-10  1.647617E-09  7.311979E-09  3.791271E-08  8.850436E-08  3.162157E-07  2.866216E-07  3.743032E-07  3.394590E-07  3.212832E-07  4.928487E-07  4.071074E-07  3.116434E-07  2.577620E-07  4.235270E-07  4.022611E-07  4.715365E-07  6.542690E-07  9.950609E-07  1.764538E-06  2.831237E-06  3.568152E-06  7.518734E-06  9.810269E-06  3.134675E-06  3.356396E-06  1.098456E-05  2.521312E-05  4.184584E-03
    16  2.269350E-10  4.790178E-10  1.324621E-09  5.897393E-09  3.072628E-08  7.287698E-08  2.660520E-07  2.418830E-07  3.160483E-07  2.865899E-07  2.712856E-07  4.162096E-07  3.439537E-07  2.633642E-07  2.178670E-07  3.580596E-07  3.400855E-07  3.985283E-07  5.528939E-07  8.408395E-07  1.491014E-06  2.392314E-06  3.014929E-06  6.352845E-06  8.288885E-06  2.648507E-06  2.835799E-06  9.280658E-06  2.130183E-05  3.533812E-03
    17  5.262690E-11  1.124832E-10  3.169942E-10  1.415917E-09  7.385363E-09  1.796748E-08  6.796136E-08  6.196788E-08  8.100169E-08  7.345151E-08  6.953914E-08  1.067028E-07  8.820702E-08  6.755027E-08  5.588672E-08  9.186442E-08  8.725231E-08  1.022173E-07  1.417927E-07  2.156282E-07  3.823515E-07  6.134675E-07  7.731139E-07  1.629017E-06  2.125426E-06  6.791176E-07  7.271328E-07  2.379643E-06  5.461914E-06  9.057332E-04
    18  1.205250E-11  2.596963E-11  7.407786E-11  3.316564E-10  1.730103E-09  4.280408E-09  1.674053E-08  1.535535E-08  2.009489E-08  1.823954E-08  1.728126E-08  2.654033E-08  2.195563E-08  1.681723E-08  1.391495E-08  2.288337E-08  2.173087E-08  2.542758E-08  3.525503E-08  5.360442E-08  9.504457E-08  1.524901E-07  1.921686E-07  4.048983E-07  5.282683E-07  1.687903E-07  1.807222E-07  5.914321E-07  1.357481E-06  2.250390E-04
    19  2.743454E-12  5.928194E-12  1.698855E-11  7.610127E-11  3.968073E-10  9.864478E-10  3.866444E-09  3.541963E-09  4.633828E-09  4.203525E-09  3.981311E-09  6.111820E-09  5.055374E-09  3.872260E-09  3.204118E-09  5.268620E-09  5.003680E-09  5.857412E-09  8.122574E-09  1.235070E-08  2.189882E-08  3.513434E-08  4.427599E-08  9.328907E-08  1.217128E-07  3.888880E-08  4.163740E-08  1.362613E-07  3.127496E-07  5.183193E-05
    20  6.423230E-13  1.390121E-12  3.990938E-12  1.789759E-11  9.340170E-11  2.331870E-10  9.306269E-10  8.573428E-10  1.122969E-09  1.019797E-09  9.666795E-10  1.485388E-09  1.229531E-09  9.419511E-10  7.794940E-10  1.282352E-09  1.217640E-09  1.423580E-09  1.973070E-09  2.999600E-09  5.318141E-09  8.532094E-09  1.075179E-08  2.265292E-08  2.955411E-08  9.442795E-09  1.011010E-08  3.308568E-08  7.593825E-08  1.258215E-05
    21  1.537384E-13  3.330724E-13  9.568842E-13  4.297047E-12  2.245695E-11  5.629832E-11  2.301468E-10  2.137404E-10  2.804401E-10  2.550986E-10  2.421059E-10  3.725448E-10  3.086870E-10  2.365426E-10  1.957679E-10  3.222756E-10  3.059278E-10  3.570102E-10  4.944394E-10  7.514922E-10  1.332222E-09  2.137240E-09  2.693176E-09  5.673917E-09  7.402223E-09  2.365043E-09  2.532152E-09  8.286495E-09  1.901900E-08  3.150530E-06
    22  3.689241E-14  8.013460E-14  2.308204E-13  1.038735E-12  5.438302E-12  1.374309E-11  5.830088E-11  5.475589E-11  7.201014E-11  6.565729E-11  6.241849E-11  9.623686E-11  7.984856E-11  6.120530E-11  5.066140E-11  8.347445E-11  7.920997E-11  9.220410E-11  1.275663E-10  1.938207E-10  3.435534E-10  5.511216E-10  6.944521E-10  1.462947E-09  1.908490E-09  6.097627E-10  6.528418E-10  2.136415E-09  4.903423E-09  8.120944E-07
    23  8.911692E-15  1.947716E-14  5.652103E-14  2.552260E-13  1.338927E-12  3.436721E-12  1.540872E-11  1.468350E-11  1.936708E-11  1.771185E-11  1.687414E-11  2.608133E-11  2.167584E-11  1.662093E-11  1.375964E-11  2.269683E-11  2.152706E-11  2.498012E-11  3.451617E-11  5.242081E-11  9.290241E-11  1.490227E-10  1.877710E-10  3.955269E-10  5.159604E-10  1.648471E-10  1.764921E-10  5.775639E-10  1.325595E-09  2.195025E-07
    24  2.247762E-15  4.944303E-15  1.444617E-14  6.551171E-14  3.447737E-13  9.002345E-13  4.306368E-12  4.173114E-12  5.522655E-12  5.068061E-12  4.840042E-12  7.501953E-12  6.246338E-12  4.791589E-12  3.967358E-12  6.552333E-12  6.211331E-12  7.182438E-12  9.909981E-12  1.504347E-11  2.665581E-11  4.275497E-11  5.386932E-11  1.134608E-10  1.480003E-10  4.728478E-11  5.062462E-11  1.656660E-10  3.802255E-10  6.294880E-08
    25  6.017776E-16  1.329948E-15  3.898923E-15  1.776345E-14  9.391129E-14  2.489716E-13  1.273239E-12  1.255375E-12  1.667025E-12  1.535196E-12  1.469719E-12  2.284478E-12  1.905628E-12  1.462393E-12  1.211024E-12  2.002534E-12  1.897311E-12  2.186275E-12  3.012153E-12  4.570319E-12  8.096761E-12  1.298602E-11  1.636104E-11  3.445661E-11  4.494349E-11  1.435885E-11  1.537296E-11  5.030680E-11  1.154602E-10  1.911230E-08
    26  1.541117E-16  3.415985E-16  9.997837E-16  4.585309E-15  2.443950E-14  6.588240E-14  3.685086E-13  3.717084E-13  4.957778E-13  4.586786E-13  4.405051E-13  6.871976E-13  5.745581E-13  4.411344E-13  3.653727E-13  6.051049E-13  5.729243E-13  6.572584E-13  9.038762E-13  1.370622E-12  2.427641E-12  3.893261E-12  4.904841E-12  1.032843E-11  1.347105E-11  4.303770E-12  4.607710E-12  1.507832E-11  3.460645E-11  5.727924E-09
    27  4.455429E-17  9.894426E-17  2.885435E-16  1.332531E-15  7.165435E-15  1.960781E-14  1.188908E-13  1.222297E-13  1.636204E-13  1.519227E-13  1.462674E-13  2.288277E-13  1.916799E-13  1.472289E-13  1.219645E-13  2.022379E-13  1.913828E-13  2.187860E-13  3.004377E-13  4.553566E-13  8.063718E-13  1.293098E-12  1.628996E-12  3.429916E-12  4.473274E-12  1.429109E-12  1.530019E-12  5.006800E-12  1.149107E-11  1.901480E-09
    28  1.503503E-17  3.342308E-17  9.726568E-17  4.509337E-16  2.436785E-15  6.721845E-15  4.244380E-14  4.402870E-14  5.903773E-14  5.490527E-14  5.292090E-14  8.289706E-14  6.950008E-14  5.339356E-14  4.423528E-14  7.339099E-14  6.943579E-14  7.925238E-14  1.087570E-13  1.648000E-13  2.918112E-13  4.679307E-13  5.894653E-13  1.241080E-12  1.618560E-12  5.170873E-13  5.535948E-13  1.811559E-12  4.157667E-12  6.878593E-10
    29  5.400474E-18  1.200958E-17  3.491149E-17  1.621426E-16  8.782005E-16  2.430553E-15  1.560380E-14  1.624869E-14  2.180346E-14  2.028956E-14  1.956496E-14  3.065255E-14  2.570886E-14  1.975287E-14  1.636954E-14  2.717444E-14  2.570836E-14  2.932420E-14  4.023026E-14  6.095533E-14  1.079291E-13  1.730650E-13  2.180112E-13  4.589963E-13  5.985923E-13  1.912327E-13  2.047327E-13  6.699533E-13  1.537585E-12  2.543379E-10
    30  3.134976E-18  6.972036E-18  2.024044E-17  9.404630E-17  5.100658E-16  1.412405E-15  9.156208E-15  9.555746E-15  1.282802E-14  1.194124E-14  1.151767E-14  1.805545E-14  1.514699E-14  1.163862E-14  9.643243E-15  1.600582E-14  1.515059E-14  1.728945E-14  2.373268E-14  3.600939E-14  6.376142E-14  1.022404E-13  1.287915E-13  2.711507E-13  3.536125E-13  1.129680E-13  1.209420E-13  3.957597E-13  9.082876E-13  1.502177E-10
scattering sensitivity matrix, order= 0 (columns are outscattering, rows are inscattering)
             1             2             3             4             5             6             7             8             9            10            11            12            13            14            15            16            17            18            19            20            21            22            23            24            25            26            27            28            29            30
     1  1.435538E-11  0.000000E+00  0.000000E+00  0.000000E+00  0.000000E+00  0.000000E+00  0.000000E+00  0.000000E+00  0.000000E+00  0.000000E+00  0.000000E+00  0.000000E+00  0.000000E+00  0.000000E+00  0.000000E+00  0.000000E+00  0.000000E+00  0.000000E+00  0.000000E+00  0.000000E+00  0.000000E+00  0.000000E+00  0.000000E+00  0.000000E+00  0.000000E+00  0.000000E+00  0.000000E+00  0.000000E+00  0.000000E+00  0.000000E+00
     2  4.598918E-13  2.908649E-11  0.000000E+00  0.000000E+00  0.000000E+00  0.000000E+00  0.000000E+00  0.000000E+00  0.000000E+00  0.000000E+00  0.000000E+00  0.000000E+00  0.000000E+00  0.000000E+00  0.000000E+00  0.000000E+00  0.000000E+00  0.000000E+00  0.000000E+00  0.000000E+00  0.000000E+00  0.000000E+00  0.000000E+00  0.000000E+00  0.000000E+00  0.000000E+00  0.000000E+00  0.000000E+00  0.000000E+00  0.000000E+00
     3  1.337693E-13  8.986284E-13  8.580420E-11  0.000000E+00  0.000000E+00  0.000000E+00  0.000000E+00  0.000000E+00  0.000000E+00  0.000000E+00  0.000000E+00  0.000000E+00  0.000000E+00  0.000000E+00  0.000000E+00  0.000000E+00  0.000000E+00  0.000000E+00  0.000000E+00  0.000000E+00  0.000000E+00  0.000000E+00  0.000000E+00  0.000000E+00  0.000000E+00  0.000000E+00  0.000000E+00  0.000000E+00  0.000000E+00  0.000000E+00
     4  1.102089E-13  6.580570E-13  4.364213E-12  3.806094E-10  0.000000E+00  0.000000E+00  0.000000E+00  0.000000E+00  0.000000E+00  0.000000E+00  0.000000E+00  0.000000E+00  0.000000E+00  0.000000E+00  0.000000E+00  0.000000E+00  0.000000E+00  0.000000E+00  0.000000E+00  0.000000E+00  0.000000E+00  0.000000E+00  0.000000E+00  0.000000E+00  0.000000E+00  0.000000E+00  0.000000E+00  0.000000E+00  0.000000E+00  0.000000E+00
     5  1.360659E-13  6.009280E-13  3.126558E-12  3.038980E-11  2.159737E-09  0.000000E+00  0.000000E+00  0.000000E+00  0.000000E+00  0.000000E+00  0.000000E+00  0.000000E+00  0.000000E+00  0.000000E+00  0.000000E+00  0.000000E+00  0.000000E+00  0.000000E+00  0.000000E+00  0.000000E+00  0.000000E+00  0.000000E+00  0.000000E+00  0.000000E+00  0.000000E+00  0.000000E+00  0.000000E+00  0.000000E+00  0.000000E+00  0.000000E+00
     6  8.813354E-14  3.611654E-13  1.762005E-12  1.231371E-11  1.290536E-10  8.012257E-09  0.000000E+00  0.000000E+00  0.000000E+00  0.000000E+00  0.000000E+00  0.000000E+00  0.000000E+00  0.000000E+00  0.000000E+00  0.000000E+00  0.000000E+00  0.000000E+00  0.000000E+00  0.000000E+00  0.000000E+00  0.000000E+00  0.000000E+00  0.000000E+00  0.000000E+00  0.000000E+00  0.000000E+00  0.000000E+00  0.000000E+00  0.000000E+00
     7  2.467136E-13  8.190490E-13  2.975986E-12  1.728503E-11  1.206695E-10  7.072476E-10  4.333579E-08  0.000000E+00  0.000000E+00  0.000000E+00  0.000000E+00  0.000000E+00  0.000000E+00  0.000000E+00  0.000000E+00  0.000000E+00  0.000000E+00  0.000000E+00  0.000000E+00  0.000000E+00  0.000000E+00  0.000000E+00  0.000000E+00  0.000000E+00  0.000000E+00  0.000000E+00  0.000000E+00  0.000000E+00  0.000000E+00  0.000000E+00
     8  2.373260E-13  9.246790E-13  3.191007E-12  1.285905E-11  7.313684E-11  2.774844E-10  1.851080E-09  3.260836E-08  0.000000E+00  0.000000E+00  0.000000E+00  0.000000E+00  0.000000E+00  0.000000E+00  0.000000E+00  0.000000E+00  0.000000E+00  0.000000E+00  0.000000E+00  0.000000E+00  0.000000E+00  0.000000E+00  0.000000E+00  0.000000E+00  0.000000E+00  0.000000E+00  0.000000E+00  0.000000E+00  0.000000E+00  0.000000E+00
     9  3.520194E-13  1.309666E-12  5.465026E-12  2.222080E-11  1.005027E-10  3.989224E-10  1.216540E-09  1.590424E-09  4.203373E-08  0.000000E+00  0.000000E+00  0.000000E+00  0.000000E+00  0.000000E+00  0.000000E+00  0.000000E+00  0.000000E+00  0.000000E+00  0.000000E+00  0.000000E+00  0.000000E+00  0.000000E+00  0.000000E+00  0.000000E+00  0.000000E+00  0.000000E+00  0.000000E+00  0.000000E+00  0.000000E+00  0.000000E+00
    10  5.496312E-13  1.817126E-12  8.356842E-12  3.982360E-11  1.635123E-10  6.346971E-10  2.081180E-09  1.406264E-09  3.354368E-09  3.037849E-08  0.000000E+00  0.000000E+00  0.000000E+00  0.000000E+00  0.000000E+00  0.000000E+00  0.000000E+00  0.000000E+00  0.000000E+00  0.000000E+00  0.000000E+00  0.000000E+00  0.000000E+00  0.000000E+00  0.000000E+00  0.000000E+00  0.000000E+00  0.000000E+00  0.000000E+00  0.000000E+00
    11  6.864617E-13  2.077719E-12  9.742356E-12  5.534819E-11  2.221091E-10  8.220163E-10  3.378020E-09  2.128293E-09  2.679570E-09  2.869101E-09  2.439994E-08  0.000000E+00  0.000000E+00  0.000000E+00  0.000000E+00  0.000000E+00  0.000000E+00  0.000000E+00  0.000000E+00  0.000000E+00  0.000000E+00  0.000000E+00  0.000000E+00  0.000000E+00  0.000000E+00  0.000000E+00  0.000000E+00  0.000000E+00  0.000000E+00  0.000000E+00
    12  1.602771E-12  4.361576E-12  1.974617E-11  1.354059E-10  5.531694E-10  1.831341E-09  1.006616E-08  6.483361E-09  8.547951E-09  5.257765E-09  5.131993E-09  3.154248E-08  0.000000E+00  0.000000E+00  0.000000E+00  0.000000E+00  0.000000E+00  0.000000E+00  0.000000E+00  0.000000E+00  0.000000E+00  0.000000E+00  0.000000E+00  0.000000E+00  0.000000E+00  0.000000E+00  0.000000E+00  0.000000E+00  0.000000E+00  0.000000E+00
    13  1.529802E-12  3.724820E-12  1.581489E-11  1.248464E-10  5.574463E-10  1.742536E-09  1.127337E-08  7.671256E-09  9.744137E-09  7.108664E-09  5.519956E-09  7.010221E-09  3.541070E-08  0.000000E+00  0.000000E+00  0.000000E+00  0.000000E+00  0.000000E+00  0.000000E+00  0.000000E+00  0.000000E+00  0.000000E+00  0.000000E+00  0.000000E+00  0.000000E+00  0.000000E+00  0.000000E+00  0.000000E+00  0.000000E+00  0.000000E+00
    14  1.056372E-12  2.426810E-12  9.710774E-12  8.314953E-11  4.153169E-10  1.275326E-09  8.678198E-09  6.301648E-09  8.103003E-09  5.931686E-09  5.187183E-09  5.371101E-09  6.671555E-09  1.957292E-08  0.000000E+00  0.000000E+00  0.000000E+00  0.000000E+00  0.000000E+00  0.000000E+00  0.000000E+00  0.000000E+00  0.000000E+00  0.000000E+00  0.000000E+00  0.000000E+00  0.000000E+00  0.000000E+00  0.000000E+00  0.000000E+00
    15  5.744434E-13  1.281961E-12  4.878278E-12  4.347282E-11  2.319668E-10  7.033469E-10  4.802684E-09  3.700244E-09  4.694036E-09  3.488724E-09  3.124810E-09  3.959881E-09  2.306245E-09  2.726135E-09  1.786340E-08  0.000000E+00  0.000000E+00  0.000000E+00  0.000000E+00  0.000000E+00  0.000000E+00  0.000000E+00  0.000000E+00  0.000000E+00  0.000000E+00  0.000000E+00  0.000000E+00  0.000000E+00  0.000000E+00  0.000000E+00
    16  4.255935E-13  9.430000E-13  3.564227E-12  3.052024E-11  1.609545E-10  5.356134E-10  3.416848E-09  2.833824E-09  3.438576E-09  2.599765E-09  2.347621E-09  3.221894E-09  2.287509E-09  9.465738E-10  2.485653E-09  2.431472E-08  0.000000E+00  0.000000E+00  0.000000E+00  0.000000E+00  0.000000E+00  0.000000E+00  0.000000E+00  0.000000E+00  0.000000E+00  0.000000E+00  0.000000E+00  0.000000E+00  0.000000E+00  0.000000E+00
    17  9.940976E-14  2.184962E-13  8.278418E-13  6.833479E-12  3.504635E-11  1.247787E-10  7.619346E-10  6.585135E-10  7.801598E-10  5.997947E-10  5.308749E-10  7.805747E-10  4.473121E-10  1.900610E-10  2.872201E-10  9.733163E-10  1.612952E-08  0.000000E+00  0.000000E+00  0.000000E+00  0.000000E+00  0.000000E+00  0.000000E+00  0.000000E+00  0.000000E+00  0.000000E+00  0.000000E+00  0.000000E+00  0.000000E+00  0.000000E+00
    18  2.099745E-14  4.623271E-14  1.754115E-13  1.489005E-12  8.066191E-12  2.854315E-11  1.744078E-10  1.509506E-10  1.789135E-10  1.387742E-10  1.234239E-10  1.837059E-10  9.886488E-11  4.036205E-11  4.027847E-11  1.350983E-10  2.575209E-10  1.271211E-08  0.000000E+00  0.000000E+00  0.000000E+00  0.000000E+00  0.000000E+00  0.000000E+00  0.000000E+00  0.000000E+00  0.000000E+00  0.000000E+00  0.000000E+00  0.000000E+00
    19  6.005947E-15  1.321409E-14  4.982083E-14  3.785269E-13  1.674865E-12  5.922424E-12  3.634828E-11  3.134219E-11  3.707350E-11  2.900332E-11  2.562347E-11  3.807906E-11  2.162442E-11  6.518160E-12  2.379130E-12  1.996106E-11  1.979325E-11  1.637517E-10  1.110508E-08  0.000000E+00  0.000000E+00  0.000000E+00  0.000000E+00  0.000000E+00  0.000000E+00  0.000000E+00  0.000000E+00  0.000000E+00  0.000000E+00  0.000000E+00
    20  2.179845E-15  4.795131E-15  1.829230E-14  1.326045E-13  5.018738E-13  1.792931E-12  1.103146E-11  9.469623E-12  1.122134E-11  8.782100E-12  7.882035E-12  1.193958E-11  6.883380E-12  1.280706E-12  2.768271E-13  3.425177E-12  4.282551E-12  6.885341E-13  1.361605E-10  9.915679E-09  0.000000E+00  0.000000E+00  0.000000E+00  0.000000E+00  0.000000E+00  0.000000E+00  0.000000E+00  0.000000E+00  0.000000E+00  0.000000E+00
    21  6.347541E-16  1.190516E-15  4.021995E-15  3.582316E-14  1.750941E-13  6.432522E-13  3.838382E-12  3.532390E-12  4.223767E-12  3.318867E-12  2.988487E-12  4.550786E-12  2.640389E-12  3.287787E-13  4.069122E-14  5.205279E-13  6.447901E-13  1.339150E-13  0.000000E+00  1.302545E-10  9.667072E-09  0.000000E+00  0.000000E+00  0.000000E+00  0.000000E+00  0.000000E+00  0.000000E+00  0.000000E+00  0.000000E+00  0.000000E+00
    22  1.064585E-16  2.488704E-16  6.224459E-16  4.974047E-15  3.205164E-14  1.977420E-13  7.170210E-13  7.900957E-13  1.237759E-12  1.148283E-12  1.115781E-12  1.724525E-12  1.007478E-12  1.006098E-13  5.887922E-15  7.707120E-14  9.585886E-14  2.203664E-14  0.000000E+00  0.000000E+00  1.117408E-10  9.452960E-09  0.000000E+00  0.000000E+00  0.000000E+00  0.000000E+00  0.000000E+00  0.000000E+00  0.000000E+00  0.000000E+00
    23  1.461725E-17  3.498115E-17  9.082201E-17  6.805324E-16  4.384710E-15  3.491325E-14  1.176610E-13  1.087553E-13  1.767393E-13  1.942588E-13  2.524269E-13  5.868407E-13  3.789294E-13  3.009264E-14  8.465079E-16  1.129599E-14  1.443447E-14  3.441772E-15  0.000000E+00  0.000000E+00  0.000000E+00  1.082700E-10  9.038416E-09  0.000000E+00  0.000000E+00  0.000000E+00  0.000000E+00  0.000000E+00  0.000000E+00  0.000000E+00
    24  1.964925E-18  4.790078E-18  1.227171E-17  9.320543E-17  5.945647E-16  4.751896E-15  1.687000E-14  1.497505E-14  2.434738E-14  2.685500E-14  3.499015E-14  1.041336E-13  9.776034E-14  6.527425E-15  1.253802E-16  1.666758E-15  2.168950E-15  5.307521E-16  0.000000E+00  0.000000E+00  0.000000E+00  0.000000E+00  1.245330E-10  9.094970E-09  0.000000E+00  0.000000E+00  0.000000E+00  0.000000E+00  0.000000E+00  0.000000E+00
    25  1.834468E-19  3.156514E-19  8.035554E-19  1.089505E-17  7.485263E-17  6.304300E-16  2.262259E-15  2.061734E-15  3.353405E-15  3.709713E-15  4.844280E-15  1.448661E-14  1.457472E-14  1.015141E-15  1.698710E-17  2.470605E-16  3.221360E-16  7.964070E-17  0.000000E+00  0.000000E+00  0.000000E+00  0.000000E+00  0.000000E+00  8.954077E-11  9.046328E-09  0.000000E+00  0.000000E+00  0.000000E+00  0.000000E+00  0.000000E+00
    26  0.000000E+00  0.000000E+00  0.000000E+00  0.000000E+00  0.000000E+00  3.971863E-17  9.020866E-17  1.037856E-16  2.557088E-16  3.716440E-16  5.785733E-16  1.977861E-15  2.071184E-15  1.618884E-16  0.000000E+00  3.247641E-17  4.730540E-17  1.159636E-17  0.000000E+00  0.000000E+00  0.000000E+00  0.000000E+00  0.000000E+00  0.000000E+00  7.467130E-11  8.304919E-09  0.000000E+00  0.000000E+00  0.000000E+00  0.000000E+00
    27  0.000000E+00  0.000000E+00  0.000000E+00  0.000000E+00  0.000000E+00  0.000000E+00  0.000000E+00  0.000000E+00  0.000000E+00  0.000000E+00  0.000000E+00  7.703883E-17  1.389707E-16  3.097364E-17  0.000000E+00  0.000000E+00  6.439705E-18  8.440239E-19  0.000000E+00  0.000000E+00  0.000000E+00  0.000000E+00  0.000000E+00  0.000000E+00  0.000000E+00  1.341812E-10  9.071818E-09  0.000000E+00  0.000000E+00  0.000000E+00
    28  0.000000E+00  0.000000E+00  0.000000E+00  0.000000E+00  0.000000E+00  0.000000E+00  0.000000E+00  0.000000E+00  0.000000E+00  0.000000E+00  0.000000E+00  0.000000E+00  0.000000E+00  0.000000E+00  0.000000E+00  0.000000E+00  0.000000E+00  0.000000E+00  0.000000E+00  0.000000E+00  0.000000E+00  0.000000E+00  0.000000E+00  0.000000E+00  0.000000E+00  0.000000E+00  1.340666E-10  9.327661E-09  0.000000E+00  0.000000E+00
    29  0.000000E+00  0.000000E+00  0.000000E+00  0.000000E+00  0.000000E+00  0.000000E+00  0.000000E+00  0.000000E+00  0.000000E+00  0.000000E+00  0.000000E+00  0.000000E+00  0.000000E+00  0.000000E+00  0.000000E+00  0.000000E+00  0.000000E+00  0.000000E+00  0.000000E+00  0.000000E+00  0.000000E+00  0.000000E+00  0.000000E+00  0.000000E+00  0.000000E+00  0.000000E+00  0.000000E+00  1.364683E-10  8.729437E-09  0.000000E+00
    30  0.000000E+00  0.000000E+00  0.000000E+00  0.000000E+00  0.000000E+00  0.000000E+00  0.000000E+00  0.000000E+00  0.000000E+00  0.000000E+00  0.000000E+00  0.000000E+00  0.000000E+00  0.000000E+00  0.000000E+00  0.000000E+00  0.000000E+00  0.000000E+00  0.000000E+00  0.000000E+00  0.000000E+00  0.000000E+00  0.000000E+00  0.000000E+00  0.000000E+00  0.000000E+00  0.000000E+00  0.000000E+00  1.199031E-10  3.430405E-07
scattering sensitivity matrix, order= 1 (columns are outscattering, rows are inscattering)
             1             2             3             4             5             6             7             8             9            10            11            12            13            14            15            16            17            18            19            20            21            22            23            24            25            26            27            28            29            30
     1 -1.466571E-11  0.000000E+00  0.000000E+00  0.000000E+00  0.000000E+00  0.000000E+00  0.000000E+00  0.000000E+00  0.000000E+00  0.000000E+00  0.000000E+00  0.000000E+00  0.000000E+00  0.000000E+00  0.000000E+00  0.000000E+00  0.000000E+00  0.000000E+00  0.000000E+00  0.000000E+00  0.000000E+00  0.000000E+00  0.000000E+00  0.000000E+00  0.000000E+00  0.000000E+00  0.000000E+00  0.000000E+00  0.000000E+00  0.000000E+00
