knowles problem, high-density solution
relative sensitivities (%/%), first order

 keff sensitivities          keff=  0.00334765

 92235.711nm              isotope   1 in material      1
 summary (sums over groups)
 density        9.471912E-01
 total         -2.017748E-03
 abs           -1.955155E-03
 (n,g)         -2.909709E-04
 chi_(fn)       2.612921E-16
 nu             9.491455E-01
 fiss           9.474813E-01
 elastic        9.482635E-05
 inelastic      2.803950E-05
 in-scat-0      2.275509E-07
 self-scat-0    7.915745E-07
 out-scat-0     2.275509E-07
 in-scat-1     -8.406966E-10
 self-scat-1   -1.807689E-07
 out-scat-1    -8.406966E-10
 in-scat-2      2.685734E-12
 self-scat-2    8.715325E-09
 out-scat-2     2.685734E-12
 in-scat-3     -1.585695E-13
 self-scat-3   -3.886639E-10
 out-scat-3    -1.585695E-13
 ssctt          6.343871E-05
 group  e_lower       e_upper       e_average     density       total         abs           (n,g)         chi_(fn)      nu            fiss          elastic       inelastic     in-scat-0     self-scat-0   out-scat-0    in-scat-1     self-scat-1   out-scat-1    in-scat-2     self-scat-2   out-scat-2    in-scat-3     self-scat-3   out-scat-3    ssctt
     1  1.500000E+01  1.700000E+01  1.578849E+01  6.744119E-08 -1.002971E-10 -2.493282E-11 -1.039807E-14 -1.417147E-06  6.745700E-08  6.742090E-08  1.640633E-09  2.689756E-10  0.000000E+00  1.424140E-11  8.227136E-12  0.000000E+00 -1.455808E-11 -5.986029E-13  0.000000E+00  1.970191E-12  2.230095E-14  0.000000E+00 -1.855799E-13 -3.406049E-16  8.448275E-11
     2  1.350000E+01  1.500000E+01  1.411312E+01  1.409928E-07 -2.078096E-10 -5.275749E-11 -4.187118E-14 -7.536627E-06  1.410206E-07  1.409468E-07  3.442135E-09  6.553381E-10  4.530735E-13  2.885193E-11  2.231322E-11 -2.570026E-13 -2.835374E-11 -1.120212E-12  1.306352E-14  3.612329E-12  3.272023E-14 -2.715544E-16 -3.202014E-13  7.417719E-17  1.800683E-10
     3  1.200000E+01  1.350000E+01  1.294030E+01  3.895728E-07 -6.216842E-10 -1.300773E-10 -1.689820E-13 -3.293264E-05  3.895998E-07  3.893977E-07  1.044794E-08  2.220859E-09  1.017617E-12  8.510754E-11  9.323032E-11 -4.839848E-13 -8.110301E-11 -3.215431E-12  1.771409E-14  9.871059E-12  7.607429E-14  2.358966E-17 -8.416564E-13  1.496346E-15  5.947333E-10
     4  1.000000E+01  1.200000E+01  1.105976E+01  1.707663E-06 -3.146357E-09 -4.965078E-10 -1.077636E-12 -1.867082E-04  1.707489E-06  1.706543E-06  4.850489E-08  1.259883E-08  5.075004E-12  3.776992E-10  6.139305E-10 -1.669454E-12 -3.438879E-10 -1.361704E-11  4.167388E-14  3.874288E-11  2.357061E-13  1.417741E-15 -3.120723E-12  9.722335E-15  3.319842E-09
     5  7.790000E+00  1.000000E+01  8.753268E+00  8.582496E-06 -1.843747E-08 -3.497743E-09 -6.675312E-12 -8.540652E-04  8.582866E-06  8.577449E-06  2.653517E-07  9.086491E-08  3.397754E-11  2.143818E-09  2.762726E-09 -7.142248E-12 -1.915990E-09 -5.553361E-11  1.107335E-13  2.086891E-10  4.826621E-13  8.703968E-15 -1.656320E-11  2.947443E-14  1.806739E-08
     6  6.070000E+00  7.790000E+00  6.826302E+00  2.011114E-05 -6.349418E-08 -1.024828E-08 -2.606270E-11 -2.968167E-03  2.011095E-05  2.009735E-05  1.067313E-06  4.711970E-07  1.420726E-10  7.955162E-09  9.067396E-09 -2.641207E-11 -7.130603E-09 -1.413725E-10 -3.026713E-15  7.378273E-10  1.111502E-12  2.397213E-14 -5.439301E-11 -4.780101E-15  6.368102E-08
     7  3.680000E+00  6.070000E+00  4.566591E+00  7.299078E-05 -4.218542E-07 -6.035956E-08 -4.592016E-10 -1.520853E-02  7.299462E-05  7.293425E-05  6.871398E-06  3.772481E-06  8.415582E-10  4.314155E-08  4.778995E-08 -9.845471E-11 -3.667707E-08 -3.006913E-10 -4.670928E-14  2.700095E-09  4.380164E-12 -6.323322E-15 -1.330373E-10 -1.152312E-13  4.180197E-07
     8  2.865000E+00  3.680000E+00  3.236809E+00  6.558526E-05 -4.233534E-07 -6.559347E-08 -1.223702E-09 -7.066115E-03  6.560982E-05  6.554545E-05  5.785530E-06  3.271187E-06  2.211533E-09  3.252592E-08  3.303971E-08 -1.811311E-10 -2.575112E-08 -2.262246E-10  1.987477E-12  1.496017E-09  2.849374E-12 -7.637788E-14 -5.723637E-11 -2.472019E-14  3.987898E-07
     9  2.232000E+00  2.865000E+00  2.524308E+00  8.556557E-05 -5.248689E-07 -9.041708E-08 -2.820971E-09 -6.050238E-03  8.560099E-05  8.551340E-05  6.357999E-06  4.017090E-06  3.328551E-09  4.191634E-08  4.163794E-08 -2.214724E-10 -3.010909E-08 -1.859235E-10  1.739085E-12  1.813413E-09 -3.303898E-13 -3.976132E-14 -7.562404E-11 -1.848176E-14  4.894486E-07
    10  1.738000E+00  2.232000E+00  1.972880E+00  7.757222E-05 -4.867407E-07 -9.154248E-08 -4.184169E-09 -9.166852E-04  7.762355E-05  7.753620E-05  4.970797E-06  3.368515E-06  7.680325E-09  3.034931E-08  2.811523E-08 -1.973247E-10 -1.893896E-08 -1.294676E-10 -7.363833E-13  8.378520E-10 -2.259673E-12 -3.310811E-14 -2.792931E-11 -3.757721E-14  4.354020E-07
    11  1.353000E+00  1.738000E+00  1.536035E+00  7.329698E-05 -4.769213E-07 -9.329546E-08 -5.762019E-09  1.365097E-03  7.335705E-05  7.326952E-05  4.430021E-06  2.930104E-06  1.216077E-08  2.441386E-08  2.208976E-08 -1.664212E-10 -1.360561E-08 -1.009681E-10 -1.741837E-12  4.391890E-10 -1.818882E-12 -3.960928E-14 -1.253504E-11 -1.763197E-14  4.168477E-07
    12  8.230000E-01  1.353000E+00  1.069418E+00  1.121575E-04 -8.344872E-07 -1.582344E-07 -1.287124E-08  7.126098E-03  1.122781E-04  1.121328E-04  8.069199E-06  4.292475E-06  3.806071E-08  3.163689E-08  2.069990E-08 -1.918954E-10 -1.488899E-08 -8.629404E-11  3.628918E-13  2.557378E-10 -1.237016E-12 -1.226916E-14 -4.890948E-12  5.357514E-15  7.138640E-07
    13  5.000000E-01  8.230000E-01  6.573911E-01  9.254728E-05 -8.601057E-07 -1.422610E-07 -1.557266E-08  8.421035E-03  9.265623E-05  9.252955E-05  8.880085E-06  3.009099E-06  5.088063E-08  3.556298E-08  1.191798E-08 -1.402120E-10 -1.428171E-08 -3.077802E-11  1.477791E-12  1.391191E-10 -4.602433E-13  4.802447E-15 -1.688494E-12  7.903862E-15  7.511501E-07
    14  3.030000E-01  5.000000E-01  4.014768E-01  7.070309E-05 -7.600051E-07 -1.200875E-07 -1.663222E-08  7.235692E-03  7.080589E-05  7.070244E-05  7.675727E-06  1.629304E-06  4.819662E-08  1.970521E-08  3.942547E-09 -3.398925E-11 -6.383640E-09  5.006425E-12 -2.207670E-13  2.186021E-11 -2.127527E-13  6.315688E-15 -2.214552E-13  3.796760E-15  6.572082E-07
    15  1.840000E-01  3.030000E-01  2.394717E-01  5.845143E-05 -6.854551E-07 -1.051063E-07 -1.779823E-08  4.289386E-03  5.853991E-05  5.845260E-05  5.659351E-06  7.131703E-07  2.991386E-08  1.799421E-08  2.839549E-09 -3.644724E-12 -4.250293E-09  3.193517E-11 -2.487741E-13  8.856767E-12 -1.414904E-13  1.959930E-15 -6.144522E-14  1.830068E-15  5.969728E-07
    16  6.760000E-02  1.840000E-01  1.165731E-01  9.595758E-05 -1.141984E-06 -1.879388E-07 -3.928699E-08  3.624256E-03  9.612314E-05  9.597449E-05  9.864511E-06  4.198875E-07  2.443181E-08  2.452756E-08  1.143247E-09  3.177101E-11 -3.340190E-09  4.316380E-11 -5.927513E-14  2.252909E-12 -3.311802E-14  1.428018E-15 -1.427197E-14  3.341782E-16  9.764215E-07
    17  2.480000E-02  6.760000E-02  4.281757E-02  9.106717E-05 -1.017087E-06 -1.914545E-07 -4.628250E-08  9.293345E-04  9.124300E-05  9.109783E-05  8.730755E-06  3.647288E-08  6.213845E-09  1.629648E-08  2.854112E-10  4.416804E-11 -9.969842E-10  4.092374E-11 -6.689709E-15  1.825709E-13 -5.319634E-15  2.969816E-16 -5.822726E-16  3.127720E-17  8.412585E-07
    18  9.120000E-03  2.480000E-02  1.571929E-02  1.067143E-04 -1.009726E-06 -2.309309E-07 -5.905736E-08  2.309757E-04  1.069325E-04  1.067606E-04  7.370120E-06  1.909724E-09  1.571027E-09  1.286058E-08  1.665965E-10  4.037320E-11 -3.337860E-10  3.563556E-11  6.262927E-16  2.588493E-14 -1.566586E-15  5.463447E-17 -7.732662E-17  2.333592E-18  7.915237E-07
    19  3.350000E-03  9.120000E-03  5.777994E-03  1.479885E-04 -1.084231E-06 -3.243051E-07 -8.401569E-08  5.321418E-05  1.483015E-04  1.480612E-04  7.877159E-07  1.228810E-13  4.432536E-10  1.124026E-08  1.378616E-10  3.585737E-11 -1.446083E-10  3.112053E-11  3.132978E-16  3.550492E-15 -6.394065E-16  8.166857E-18 -4.678518E-18  8.184325E-19  7.711904E-07
    20  1.235000E-03  3.350000E-03  2.125947E-03  2.248789E-04 -1.263071E-06 -5.390317E-07 -1.710187E-07  1.292080E-05  2.254078E-04  2.250398E-04  7.489654E-07  4.626215E-15  2.179751E-10  1.003933E-08  1.319121E-10  3.071435E-11 -8.416356E-11  2.943063E-11  3.949566E-16  1.691234E-15 -9.443605E-16  8.420557E-19 -3.926557E-17  3.962459E-17  7.341556E-07
    21  4.540000E-04  1.235000E-03  7.827389E-04  3.985166E-04 -1.689408E-06 -9.577362E-07 -3.010208E-07  3.236035E-06  3.994645E-04  3.988078E-04  7.559247E-07  0.000000E+00  1.597033E-10  9.788374E-09  1.131730E-10  2.918533E-11 -6.142506E-11  2.425410E-11 -2.774764E-16  1.815570E-15 -1.566178E-15  3.909673E-17 -9.532146E-17  9.610125E-17  7.415360E-07
    22  1.670000E-04  4.540000E-04  2.877561E-04  6.390170E-04 -2.279106E-06 -1.547583E-06 -4.877047E-07  8.343043E-07  6.405549E-04  6.394951E-04  7.550898E-07  0.000000E+00  1.215053E-10  9.571542E-09  1.096685E-10  2.414562E-11 -5.693542E-11  2.614689E-11 -1.242392E-15 -8.389562E-16  9.899306E-16  9.508410E-17  8.241136E-17 -8.189450E-17  7.411738E-07
    23  6.140000E-05  1.670000E-04  1.058308E-04  8.047201E-04 -2.806094E-06 -2.095950E-06 -7.531383E-07  2.255495E-07  8.068068E-04  8.054640E-04  7.331851E-07  0.000000E+00  1.115983E-10  9.151406E-09  1.260823E-10  2.611449E-11 -5.521121E-11  2.763440E-11  1.088632E-15  9.778278E-16 -8.711565E-16 -8.261795E-17 -4.218141E-18  4.283204E-18  7.193935E-07
    24  2.260000E-05  6.140000E-05  3.892803E-05  1.694743E-03 -5.150282E-06 -4.429242E-06 -1.584557E-06  6.469316E-08  1.699163E-03  1.696318E-03  7.436132E-07  0.000000E+00  1.264213E-10  9.208165E-09  9.067197E-11  2.762831E-11 -4.778464E-11  2.076583E-11 -8.525060E-16 -1.076275E-16  2.079964E-16  4.104092E-18 -1.125769E-16  1.124118E-16  7.303117E-07
    25  8.320000E-06  2.260000E-05  1.432849E-05  2.209579E-03 -7.042977E-06 -6.319834E-06 -2.590205E-06  1.964493E-08  2.215890E-03  2.212160E-03  7.444632E-07  0.000000E+00  9.072004E-11  9.158321E-09  7.566298E-11  2.076501E-11 -4.542979E-11  1.873063E-11  2.105273E-16  7.705338E-16 -6.766888E-16  1.123893E-16  2.352354E-18 -2.340035E-18  7.323510E-07
    26  3.060000E-06  8.320000E-06  5.274470E-06  7.050713E-04 -3.310383E-06 -2.636351E-06 -1.440304E-06  5.888540E-09  7.076991E-04  7.065031E-04  6.978025E-07  0.000000E+00  7.566877E-11  8.407142E-09  1.354904E-10  1.873054E-11 -4.935297E-11  2.474628E-11 -6.764023E-16  3.115924E-16 -2.246177E-16 -2.342722E-18 -1.074628E-18  1.088291E-18  6.825503E-07
    27  1.130000E-06  3.060000E-06  1.942925E-06  7.556074E-04 -2.563268E-06 -1.811336E-06 -5.181099E-07  1.954695E-09  7.574094E-04  7.561162E-04  7.762023E-07  0.000000E+00  1.354907E-10  9.182522E-09  1.355367E-10  2.474628E-11 -5.443701E-11  2.702758E-11 -2.246085E-16  3.068764E-16 -2.028383E-16  1.088230E-18 -9.715599E-20  9.845612E-20  7.612220E-07
    28  4.140000E-07  1.130000E-06  7.149371E-07  2.472875E-03 -5.668777E-06 -4.861218E-06 -5.963299E-07  7.071455E-10  2.477726E-03  2.473461E-03  8.326058E-07  0.000000E+00  1.355367E-10  9.440500E-09  1.379233E-10  2.702758E-11 -5.543490E-11  2.655810E-11 -2.028383E-16  3.744840E-16 -2.462471E-16  9.845612E-20 -7.329959E-20  7.340047E-20  8.171084E-07
    29  1.520000E-07  4.140000E-07  2.624907E-07  5.672924E-03 -1.277101E-05 -1.195140E-05 -2.084789E-06  2.614770E-10  5.684866E-03  5.675000E-03  8.425762E-07  0.000000E+00  1.379233E-10  8.833696E-09  1.212451E-10  2.655810E-11 -5.106511E-11  2.202829E-11 -2.462471E-16  3.082066E-16 -1.448748E-16  7.340047E-20 -7.824865E-20  5.829436E-20  8.285303E-07
    30  1.390000E-10  1.520000E-07  4.732279E-08  9.304316E-01 -1.963390E-03 -1.916129E-03 -2.801377E-04  1.544444E-10  9.323474E-01  9.307114E-01  3.460175E-07  0.000000E+00  1.212451E-10  3.460175E-07  0.000000E+00  2.202829E-11 -9.911463E-10  0.000000E+00 -1.448748E-16  1.889746E-15  0.000000E+00  5.829436E-20  0.000000E+00  0.000000E+00  4.760635E-05
 total                                            9.471912E-01 -2.017748E-03 -1.955155E-03 -2.909709E-04  2.612921E-16  9.491455E-01  9.474813E-01  9.482635E-05  2.803950E-05  2.275509E-07  7.915745E-07  2.275509E-07 -8.406966E-10 -1.807689E-07 -8.406966E-10  2.685734E-12  8.715325E-09  2.685734E-12 -1.585695E-13 -3.886639E-10 -1.585695E-13  6.343871E-05
fission chi sensitivity matrix (columns are from, rows are to), full normalization
             1             2             3             4             5             6             7             8             9            10            11            12            13            14            15            16            17            18            19            20            21            22            23            24            25            26            27            28            29            30
     1 -2.247878E-13 -5.087565E-13 -1.451953E-12 -5.547378E-12 -2.423193E-11 -5.517427E-11 -1.432562E-10 -1.001577E-10 -1.243342E-10 -1.227613E-10 -1.173955E-10 -1.836395E-10 -1.437808E-10 -1.052277E-10 -8.434068E-11 -1.352368E-10 -1.267651E-10 -1.481732E-10 -2.056573E-10 -3.131651E-10 -5.565534E-10 -8.948997E-10 -1.130089E-09 -2.385815E-09 -3.118465E-09 -9.980977E-10 -1.070376E-09 -3.508315E-09 -8.064483E-09 -1.393279E-06
     2 -1.038254E-12 -2.384245E-12 -7.053186E-12 -2.709285E-11 -1.184953E-10 -2.833177E-10 -7.837106E-10 -5.609866E-10 -7.011719E-10 -6.831263E-10 -6.499373E-10 -1.007835E-09 -7.945216E-10 -5.831030E-10 -4.692895E-10 -7.546478E-10 -7.079204E-10 -8.267279E-10 -1.145822E-09 -1.741849E-09 -3.090050E-09 -4.960019E-09 -6.253352E-09 -1.318170E-08 -1.720491E-08 -5.499192E-09 -5.889908E-09 -1.928162E-08 -4.427031E-08 -7.405146E-06
     3 -3.956879E-12 -9.068021E-12 -2.699773E-11 -1.055959E-10 -4.703459E-10 -1.141690E-09 -3.313727E-09 -2.446174E-09 -3.075236E-09 -2.966647E-09 -2.818676E-09 -4.359529E-09 -3.457625E-09 -2.550296E-09 -2.059844E-09 -3.321543E-09 -3.120522E-09 -3.645440E-09 -5.052049E-09 -7.678301E-09 -1.361676E-08 -2.184986E-08 -2.753867E-08 -5.803290E-08 -7.572444E-08 -2.419748E-08 -2.591036E-08 -8.480216E-08 -1.946605E-07 -3.235468E-05
     4 -1.883396E-11 -4.282069E-11 -1.275101E-10 -5.120631E-10 -2.346032E-09 -5.756802E-09 -1.773255E-08 -1.365224E-08 -1.729213E-08 -1.647595E-08 -1.563881E-08 -2.413858E-08 -1.929667E-08 -1.433577E-08 -1.163281E-08 -1.882713E-08 -1.772567E-08 -2.072231E-08 -2.872372E-08 -4.365764E-08 -7.741448E-08 -1.242082E-07 -1.565309E-07 -3.298294E-07 -4.303402E-07 -1.375020E-07 -1.472236E-07 -4.818122E-07 -1.105902E-06 -1.834288E-04
     5 -7.076056E-11 -1.585551E-10 -4.687251E-10 -1.943559E-09 -9.225359E-09 -2.277193E-08 -7.505588E-08 -6.076523E-08 -7.764229E-08 -7.292920E-08 -6.918031E-08 -1.066219E-07 -8.603427E-08 -6.448906E-08 -5.261741E-08 -8.552966E-08 -8.073984E-08 -9.448858E-08 -1.310315E-07 -1.992160E-07 -3.532910E-07 -5.668950E-07 -7.144834E-07 -1.505631E-06 -1.964607E-06 -6.277771E-07 -6.722093E-07 -2.200057E-06 -5.050111E-06 -8.391192E-04
     6 -2.152576E-10 -4.759587E-10 -1.396984E-09 -5.915283E-09 -2.872458E-08 -7.128574E-08 -2.478910E-07 -2.082415E-07 -2.679086E-07 -2.487715E-07 -2.357538E-07 -3.626605E-07 -2.947938E-07 -2.224341E-07 -1.822735E-07 -2.972800E-07 -2.811746E-07 -3.292668E-07 -4.566864E-07 -6.943574E-07 -1.231250E-06 -1.975470E-06 -2.489525E-06 -5.245680E-06 -6.844163E-06 -2.186822E-06 -2.341412E-06 -7.662565E-06 -1.758771E-05 -2.916165E-03
     7 -1.003668E-09 -2.161784E-09 -6.200327E-09 -2.681770E-08 -1.329691E-07 -3.263110E-07 -1.194898E-06 -1.047773E-06 -1.358968E-06 -1.244913E-06 -1.178513E-06 -1.809200E-06 -1.483585E-06 -1.128310E-06 -9.293643E-07 -1.521785E-06 -1.442638E-06 -1.690671E-06 -2.345452E-06 -3.566375E-06 -6.323451E-06 -1.014476E-05 -1.278359E-05 -2.693426E-05 -3.513925E-05 -1.122681E-05 -1.201967E-05 -3.933346E-05 -9.027578E-05 -1.494191E-02
     8 -4.611936E-10 -9.632603E-10 -2.662893E-09 -1.176035E-08 -5.953679E-08 -1.407619E-07 -5.242207E-07 -4.765095E-07 -6.221523E-07 -5.638573E-07 -5.335574E-07 -8.183210E-07 -6.759042E-07 -5.175368E-07 -4.280649E-07 -7.032273E-07 -6.679453E-07 -7.833158E-07 -1.087020E-06 -1.653250E-06 -2.931636E-06 -4.703701E-06 -5.927756E-06 -1.249046E-05 -1.629670E-05 -5.207093E-06 -5.575216E-06 -1.824566E-05 -4.187897E-05 -6.942587E-03
     9 -4.030689E-10 -8.236811E-10 -2.210420E-09 -9.911979E-09 -5.099022E-08 -1.163212E-07 -4.317194E-07 -4.012707E-07 -5.260164E-07 -4.737235E-07 -4.482693E-07 -6.874136E-07 -5.702656E-07 -4.385345E-07 -3.636294E-07 -5.985680E-07 -5.692573E-07 -6.679360E-07 -9.271924E-07 -1.410552E-06 -2.501736E-06 -4.014636E-06 -5.060173E-06 -1.066388E-05 -1.391532E-05 -4.446731E-06 -4.761626E-06 -1.558469E-05 -3.577492E-05 -5.944819E-03
    10 -6.889349E-11 -1.180359E-10 -2.176321E-10 -1.242034E-09 -8.288629E-09 -1.313596E-08 -4.201377E-08 -5.245230E-08 -7.199669E-08 -6.036905E-08 -5.705840E-08 -8.713242E-08 -7.608126E-08 -6.121631E-08 -5.210975E-08 -8.755844E-08 -8.425047E-08 -9.915317E-08 -1.378666E-07 -2.100754E-07 -3.729308E-07 -5.989891E-07 -7.556047E-07 -1.593505E-06 -2.080750E-06 -6.653331E-07 -7.128594E-07 -2.334428E-06 -5.361515E-06 -9.010069E-04
    11  8.586042E-11  2.012134E-10  6.527319E-10  2.613695E-09  1.112651E-08  3.162031E-08  1.233468E-07  9.886920E-08  1.256960E-07  1.186060E-07  1.124167E-07  1.730941E-07  1.390265E-07  1.037593E-07  8.441571E-08  1.368242E-07  1.289966E-07  1.511018E-07  2.095941E-07  3.186244E-07  5.649802E-07  9.064426E-07  1.142284E-06  2.406947E-06  3.140435E-06  1.003427E-06  1.074375E-06  3.516093E-06  8.070538E-06  1.341200E-03
    12  4.830897E-10  1.032383E-09  2.956878E-09  1.271990E-08  6.163263E-08  1.500238E-07  5.546070E-07  4.859740E-07  6.297548E-07  5.772502E-07  5.467112E-07  8.400424E-07  6.883718E-07  5.236439E-07  4.311947E-07  7.058532E-07  6.692896E-07  7.850029E-07  1.089599E-06  1.657470E-06  2.939882E-06  4.718032E-06  5.947102E-06  1.253388E-05  1.635647E-05  5.227092E-06  5.597535E-06  1.832153E-05  4.205941E-05  7.001984E-03
    13  5.863368E-10  1.231427E-09  3.413254E-09  1.496958E-08  7.542596E-08  1.772626E-07  6.386424E-07  5.719405E-07  7.449051E-07  6.776787E-07  6.413433E-07  9.839737E-07  8.105551E-07  6.191498E-07  5.113588E-07  8.390781E-07  7.964616E-07  9.339136E-07  1.295941E-06  1.970898E-06  3.494863E-06  5.607295E-06  7.066397E-06  1.488955E-05  1.942667E-05  6.207107E-06  6.645858E-06  2.174927E-05  4.992027E-05  8.273719E-03
    14  5.018728E-10  1.048771E-09  2.869861E-09  1.269647E-08  6.527501E-08  1.517440E-07  5.409707E-07  4.890982E-07  6.383215E-07  5.792172E-07  5.481734E-07  8.409227E-07  6.941638E-07  5.311805E-07  4.391987E-07  7.213861E-07  6.850673E-07  8.031651E-07  1.114435E-06  1.694864E-06  3.005362E-06  4.821899E-06  6.076586E-06  1.280372E-05  1.670499E-05  5.337424E-06  5.714621E-06  1.870143E-05  4.292411E-05  7.109048E-03
    15  2.907738E-10  6.091043E-10  1.667422E-09  7.399542E-09  3.836545E-08  8.955309E-08  3.199348E-07  2.899867E-07  3.786896E-07  3.434512E-07  3.250440E-07  4.985928E-07  4.118055E-07  3.152192E-07  2.607023E-07  4.283165E-07  4.067684E-07  4.767767E-07  6.614710E-07  1.005912E-06  1.783595E-06  2.861518E-06  3.605943E-06  7.597592E-06  9.912179E-06  3.166939E-06  3.390639E-06  1.109573E-05  2.546651E-05  4.214245E-03
    16  2.298020E-10  4.850441E-10  1.341181E-09  5.970899E-09  3.110849E-08  7.377683E-08  2.693159E-07  2.448463E-07  3.199130E-07  2.901071E-07  2.746004E-07  4.212752E-07  3.481000E-07  2.665216E-07  2.204641E-07  3.622924E-07  3.440704E-07  4.031611E-07  5.592630E-07  8.504394E-07  1.507882E-06  2.419129E-06  3.048411E-06  6.422747E-06  8.379267E-06  2.677134E-06  2.866197E-06  9.379385E-06  2.152694E-05  3.560741E-03
    17  5.331126E-11  1.139399E-10  3.210749E-10  1.434103E-09  7.480098E-09  1.819635E-08  6.882253E-08  6.275239E-08  8.202518E-08  7.438303E-08  7.041750E-08  1.080459E-07  8.930688E-08  6.838815E-08  5.657607E-08  9.298826E-08  8.831074E-08  1.034482E-07  1.434854E-07  2.181806E-07  3.868384E-07  6.206035E-07  7.820280E-07  1.647635E-06  2.149510E-06  6.867492E-07  7.352397E-07  2.405981E-06  5.521988E-06  9.130431E-04
    18  1.221217E-11  2.631228E-11  7.504960E-11  3.359994E-10  1.752741E-09  4.336041E-09  1.695718E-08  1.555397E-08  2.035429E-08  1.847587E-08  1.750435E-08  2.688189E-08  2.223556E-08  1.703057E-08  1.409050E-08  2.316972E-08  2.200059E-08  2.574102E-08  3.568601E-08  5.425441E-08  9.618748E-08  1.543083E-07  1.944406E-07  4.096450E-07  5.344102E-07  1.707371E-07  1.827907E-07  5.981541E-07  1.372816E-06  2.269257E-04
    19  2.780507E-12  6.007938E-12  1.721577E-11  7.711761E-11  4.021041E-10  9.995285E-10  3.917516E-09  3.588731E-09  4.694889E-09  4.259125E-09  4.033783E-09  6.192137E-09  5.121201E-09  3.922437E-09  3.245412E-09  5.335980E-09  5.067143E-09  5.931196E-09  8.224064E-09  1.250380E-08  2.216808E-08  3.556278E-08  4.481146E-08  9.440804E-08  1.231610E-07  3.934789E-08  4.212530E-08  1.378471E-07  3.163679E-07  5.228084E-05
    20  6.511375E-13  1.409121E-12  4.045181E-12  1.814054E-11  9.466924E-11  2.363311E-10  9.431304E-10  8.688590E-10  1.138023E-09  1.033519E-09  9.796420E-10  1.505252E-09  1.245825E-09  9.543753E-10  7.897202E-10  1.299044E-09  1.233365E-09  1.441841E-09  1.998178E-09  3.037475E-09  5.384759E-09  8.638114E-09  1.088431E-08  2.292989E-08  2.991262E-08  9.556471E-09  1.023093E-08  3.347846E-08  7.683455E-08  1.269412E-05
    21  1.558792E-13  3.376922E-13  9.700830E-13  4.356256E-12  2.276636E-11  5.706905E-11  2.332873E-10  2.166566E-10  2.842586E-10  2.585852E-10  2.454038E-10  3.776064E-10  3.128436E-10  2.397132E-10  1.983779E-10  3.265392E-10  3.099437E-10  3.616655E-10  5.008364E-10  7.611407E-10  1.349193E-09  2.164252E-09  2.726945E-09  5.744501E-09  7.493596E-09  2.394019E-09  2.562956E-09  8.386640E-09  1.924755E-08  3.179253E-06
    22  3.741316E-14  8.126132E-14  2.340481E-13  1.053247E-12  5.514285E-12  1.393390E-11  5.910792E-11  5.551382E-11  7.300488E-11  6.656770E-11  6.328116E-11  9.756360E-11  8.093968E-11  6.203791E-11  5.134694E-11  8.459546E-11  8.026555E-11  9.342471E-11  1.292421E-10  1.963476E-10  3.479981E-10  5.581964E-10  7.032976E-10  1.481437E-09  1.932428E-09  6.173548E-10  6.609136E-10  2.162660E-09  4.963324E-09  8.196626E-07
    23  9.039124E-15  1.975460E-14  5.732178E-14  2.588392E-13  1.357886E-12  3.485083E-12  1.562494E-11  1.488955E-11  1.963831E-11  1.796083E-11  1.711058E-11  2.644592E-11  2.197620E-11  1.685023E-11  1.394848E-11  2.300599E-11  2.181805E-11  2.531558E-11  3.497617E-11  5.311423E-11  9.412202E-11  1.509641E-10  1.901985E-10  4.006014E-10  5.225305E-10  1.669311E-10  1.787080E-10  5.847695E-10  1.342042E-09  2.215907E-07
    24  2.280235E-15  5.015458E-15  1.465297E-14  6.644893E-14  3.497075E-13  9.130389E-13  4.367460E-12  4.232319E-12  5.600848E-12  5.140089E-12  4.908615E-12  7.607990E-12  6.333866E-12  4.858441E-12  4.022422E-12  6.642602E-12  6.296256E-12  7.279997E-12  1.004357E-11  1.524478E-11  2.700983E-11  4.331852E-11  5.457400E-11  1.149339E-10  1.499077E-10  4.788982E-11  5.126801E-11  1.677583E-10  3.850016E-10  6.355757E-08
    25  6.105585E-16  1.349281E-15  3.955304E-15  1.802018E-14  9.526911E-14  2.525499E-13  1.291494E-12  1.273375E-12  1.690879E-12  1.557248E-12  1.490765E-12  2.317117E-12  1.932620E-12  1.483019E-12  1.228016E-12  2.030426E-12  1.923539E-12  2.216301E-12  3.053212E-12  4.632163E-12  8.205511E-12  1.315914E-11  1.657752E-11  3.490913E-11  4.552943E-11  1.454474E-11  1.557064E-11  5.094971E-11  1.169278E-10  1.930007E-08
    26  1.563856E-16  3.466198E-16  1.014404E-15  4.652333E-15  2.479691E-14  6.684018E-14  3.738538E-13  3.771007E-13  5.029555E-13  4.653443E-13  4.468872E-13  6.971316E-13  5.827932E-13  4.474303E-13  3.705606E-13  6.136344E-13  5.809402E-13  6.663946E-13  9.163474E-13  1.389397E-12  2.460650E-12  3.945807E-12  4.970551E-12  1.046578E-11  1.364891E-11  4.360199E-12  4.667725E-12  1.527351E-11  3.505208E-11  5.785166E-09
    27  4.520845E-17  1.003917E-16  2.927436E-16  1.351920E-15  7.269739E-15  1.989162E-14  1.206082E-13  1.239954E-13  1.659791E-13  1.541213E-13  1.483778E-13  2.321221E-13  1.944157E-13  1.493213E-13  1.236888E-13  2.050762E-13  1.940487E-13  2.218135E-13  3.045640E-13  4.615650E-13  8.172849E-13  1.310468E-12  1.650715E-12  3.475312E-12  4.532051E-12  1.447756E-12  1.549851E-12  5.071301E-12  1.163832E-11  1.920373E-09
    28  1.525635E-17  3.391332E-17  9.868542E-17  4.575136E-16  2.472358E-15  6.819432E-15  4.305888E-14  4.466674E-14  5.989147E-14  5.570240E-14  5.368693E-14  8.409441E-14  7.049529E-14  5.415485E-14  4.486269E-14  7.442435E-14  7.040609E-14  8.035253E-14  1.102554E-13  1.670541E-13  2.957730E-13  4.742366E-13  5.973503E-13  1.257559E-12  1.639898E-12  5.238569E-13  5.607946E-13  1.834975E-12  4.211126E-12  6.947269E-10
    29  5.480061E-18  1.218595E-17  3.542175E-17  1.645118E-16  8.910386E-16  2.465894E-15  1.583032E-14  1.648456E-14  2.211929E-14  2.058465E-14  1.984867E-14  3.109609E-14  2.607764E-14  2.003500E-14  1.660212E-14  2.755771E-14  2.606821E-14  2.973194E-14  4.078545E-14  6.179040E-14  1.093968E-13  1.754010E-13  2.209322E-13  4.651012E-13  6.064969E-13  1.937406E-13  2.074000E-13  6.786286E-13  1.557390E-12  2.568843E-10
    30  3.181342E-18  7.074794E-18  2.053737E-17  9.542572E-17  5.175511E-16  1.433024E-15  9.289687E-15  9.695044E-15  1.301462E-14  1.211565E-14  1.168539E-14  1.831783E-14  1.536520E-14  1.180557E-14  9.780844E-15  1.623254E-14  1.536357E-14  1.753089E-14  2.406163E-14  3.650489E-14  6.463236E-14  1.036267E-13  1.305250E-13  2.747738E-13  3.583038E-13  1.144564E-13  1.225251E-13  4.009090E-13  9.200435E-13  1.517317E-10
scattering sensitivity matrix, order= 0 (columns are outscattering, rows are inscattering)
             1             2             3             4             5             6             7             8             9            10            11            12            13            14            15            16            17            18            19            20            21            22            23            24            25            26            27            28            29            30
     1  1.424140E-11  0.000000E+00  0.000000E+00  0.000000E+00  0.000000E+00  0.000000E+00  0.000000E+00  0.000000E+00  0.000000E+00  0.000000E+00  0.000000E+00  0.000000E+00  0.000000E+00  0.000000E+00  0.000000E+00  0.000000E+00  0.000000E+00  0.000000E+00  0.000000E+00  0.000000E+00  0.000000E+00  0.000000E+00  0.000000E+00  0.000000E+00  0.000000E+00  0.000000E+00  0.000000E+00  0.000000E+00  0.000000E+00  0.000000E+00
     2  4.530735E-13  2.885193E-11  0.000000E+00  0.000000E+00  0.000000E+00  0.000000E+00  0.000000E+00  0.000000E+00  0.000000E+00  0.000000E+00  0.000000E+00  0.000000E+00  0.000000E+00  0.000000E+00  0.000000E+00  0.000000E+00  0.000000E+00  0.000000E+00  0.000000E+00  0.000000E+00  0.000000E+00  0.000000E+00  0.000000E+00  0.000000E+00  0.000000E+00  0.000000E+00  0.000000E+00  0.000000E+00  0.000000E+00  0.000000E+00
     3  1.303213E-13  8.872958E-13  8.510754E-11  0.000000E+00  0.000000E+00  0.000000E+00  0.000000E+00  0.000000E+00  0.000000E+00  0.000000E+00  0.000000E+00  0.000000E+00  0.000000E+00  0.000000E+00  0.000000E+00  0.000000E+00  0.000000E+00  0.000000E+00  0.000000E+00  0.000000E+00  0.000000E+00  0.000000E+00  0.000000E+00  0.000000E+00  0.000000E+00  0.000000E+00  0.000000E+00  0.000000E+00  0.000000E+00  0.000000E+00
     4  1.066035E-13  6.479210E-13  4.320480E-12  3.776992E-10  0.000000E+00  0.000000E+00  0.000000E+00  0.000000E+00  0.000000E+00  0.000000E+00  0.000000E+00  0.000000E+00  0.000000E+00  0.000000E+00  0.000000E+00  0.000000E+00  0.000000E+00  0.000000E+00  0.000000E+00  0.000000E+00  0.000000E+00  0.000000E+00  0.000000E+00  0.000000E+00  0.000000E+00  0.000000E+00  0.000000E+00  0.000000E+00  0.000000E+00  0.000000E+00
     5  1.326065E-13  5.925540E-13  3.096324E-12  3.015606E-11  2.143818E-09  0.000000E+00  0.000000E+00  0.000000E+00  0.000000E+00  0.000000E+00  0.000000E+00  0.000000E+00  0.000000E+00  0.000000E+00  0.000000E+00  0.000000E+00  0.000000E+00  0.000000E+00  0.000000E+00  0.000000E+00  0.000000E+00  0.000000E+00  0.000000E+00  0.000000E+00  0.000000E+00  0.000000E+00  0.000000E+00  0.000000E+00  0.000000E+00  0.000000E+00
     6  8.521776E-14  3.548156E-13  1.740319E-12  1.218770E-11  1.277046E-10  7.955162E-09  0.000000E+00  0.000000E+00  0.000000E+00  0.000000E+00  0.000000E+00  0.000000E+00  0.000000E+00  0.000000E+00  0.000000E+00  0.000000E+00  0.000000E+00  0.000000E+00  0.000000E+00  0.000000E+00  0.000000E+00  0.000000E+00  0.000000E+00  0.000000E+00  0.000000E+00  0.000000E+00  0.000000E+00  0.000000E+00  0.000000E+00  0.000000E+00
     7  2.393574E-13  8.047043E-13  2.937681E-12  1.709349E-11  1.192873E-10  7.011957E-10  4.314155E-08  0.000000E+00  0.000000E+00  0.000000E+00  0.000000E+00  0.000000E+00  0.000000E+00  0.000000E+00  0.000000E+00  0.000000E+00  0.000000E+00  0.000000E+00  0.000000E+00  0.000000E+00  0.000000E+00  0.000000E+00  0.000000E+00  0.000000E+00  0.000000E+00  0.000000E+00  0.000000E+00  0.000000E+00  0.000000E+00  0.000000E+00
     8  2.328877E-13  9.132232E-13  3.160682E-12  1.275461E-11  7.255128E-11  2.758159E-10  1.846104E-09  3.252592E-08  0.000000E+00  0.000000E+00  0.000000E+00  0.000000E+00  0.000000E+00  0.000000E+00  0.000000E+00  0.000000E+00  0.000000E+00  0.000000E+00  0.000000E+00  0.000000E+00  0.000000E+00  0.000000E+00  0.000000E+00  0.000000E+00  0.000000E+00  0.000000E+00  0.000000E+00  0.000000E+00  0.000000E+00  0.000000E+00
     9  3.463167E-13  1.295357E-12  5.419060E-12  2.206256E-11  9.980946E-11  3.968899E-10  1.214253E-09  1.588476E-09  4.191634E-08  0.000000E+00  0.000000E+00  0.000000E+00  0.000000E+00  0.000000E+00  0.000000E+00  0.000000E+00  0.000000E+00  0.000000E+00  0.000000E+00  0.000000E+00  0.000000E+00  0.000000E+00  0.000000E+00  0.000000E+00  0.000000E+00  0.000000E+00  0.000000E+00  0.000000E+00  0.000000E+00  0.000000E+00
    10  5.426402E-13  1.801048E-12  8.299429E-12  3.959484E-11  1.626264E-10  6.322117E-10  2.079016E-09  1.406033E-09  3.350200E-09  3.034931E-08  0.000000E+00  0.000000E+00  0.000000E+00  0.000000E+00  0.000000E+00  0.000000E+00  0.000000E+00  0.000000E+00  0.000000E+00  0.000000E+00  0.000000E+00  0.000000E+00  0.000000E+00  0.000000E+00  0.000000E+00  0.000000E+00  0.000000E+00  0.000000E+00  0.000000E+00  0.000000E+00
    11  6.786641E-13  2.061199E-12  9.682308E-12  5.506608E-11  2.210585E-10  8.192754E-10  3.376127E-09  2.129202E-09  2.678215E-09  2.869403E-09  2.441386E-08  0.000000E+00  0.000000E+00  0.000000E+00  0.000000E+00  0.000000E+00  0.000000E+00  0.000000E+00  0.000000E+00  0.000000E+00  0.000000E+00  0.000000E+00  0.000000E+00  0.000000E+00  0.000000E+00  0.000000E+00  0.000000E+00  0.000000E+00  0.000000E+00  0.000000E+00
    12  1.587473E-12  4.332387E-12  1.964461E-11  1.348441E-10  5.511072E-10  1.826827E-09  1.006814E-08  6.492036E-09  8.552818E-09  5.265709E-09  5.143664E-09  3.163689E-08  0.000000E+00  0.000000E+00  0.000000E+00  0.000000E+00  0.000000E+00  0.000000E+00  0.000000E+00  0.000000E+00  0.000000E+00  0.000000E+00  0.000000E+00  0.000000E+00  0.000000E+00  0.000000E+00  0.000000E+00  0.000000E+00  0.000000E+00  0.000000E+00
    13  1.517964E-12  3.704684E-12  1.575021E-11  1.244504E-10  5.559347E-10  1.739778E-09  1.128394E-08  7.687826E-09  9.759030E-09  7.127285E-09  5.539018E-09  7.042395E-09  3.556298E-08  0.000000E+00  0.000000E+00  0.000000E+00  0.000000E+00  0.000000E+00  0.000000E+00  0.000000E+00  0.000000E+00  0.000000E+00  0.000000E+00  0.000000E+00  0.000000E+00  0.000000E+00  0.000000E+00  0.000000E+00  0.000000E+00  0.000000E+00
    14  1.050028E-12  2.416816E-12  9.681544E-12  8.296940E-11  4.146209E-10  1.274470E-09  8.693024E-09  6.320415E-09  8.122923E-09  5.953145E-09  5.210254E-09  5.401395E-09  6.710253E-09  1.970521E-08  0.000000E+00  0.000000E+00  0.000000E+00  0.000000E+00  0.000000E+00  0.000000E+00  0.000000E+00  0.000000E+00  0.000000E+00  0.000000E+00  0.000000E+00  0.000000E+00  0.000000E+00  0.000000E+00  0.000000E+00  0.000000E+00
    15  5.714309E-13  1.277432E-12  4.866035E-12  4.339913E-11  2.316904E-10  7.031800E-10  4.812723E-09  3.712771E-09  4.707685E-09  3.503014E-09  3.140213E-09  3.984233E-09  2.321047E-09  2.747192E-09  1.799421E-08  0.000000E+00  0.000000E+00  0.000000E+00  0.000000E+00  0.000000E+00  0.000000E+00  0.000000E+00  0.000000E+00  0.000000E+00  0.000000E+00  0.000000E+00  0.000000E+00  0.000000E+00  0.000000E+00  0.000000E+00
    16  4.236843E-13  9.402291E-13  3.557116E-12  3.048333E-11  1.608429E-10  5.357270E-10  3.425353E-09  2.844612E-09  3.450159E-09  2.611673E-09  2.360327E-09  3.243309E-09  2.303494E-09  9.545275E-10  2.506381E-09  2.452756E-08  0.000000E+00  0.000000E+00  0.000000E+00  0.000000E+00  0.000000E+00  0.000000E+00  0.000000E+00  0.000000E+00  0.000000E+00  0.000000E+00  0.000000E+00  0.000000E+00  0.000000E+00  0.000000E+00
    17  9.902500E-14  2.179612E-13  8.265433E-13  6.827981E-12  3.503656E-11  1.248522E-10  7.640888E-10  6.612547E-10  7.830880E-10  6.027822E-10  5.339600E-10  7.860793E-10  4.506375E-10  1.917483E-10  2.897853E-10  9.825605E-10  1.629648E-08  0.000000E+00  0.000000E+00  0.000000E+00  0.000000E+00  0.000000E+00  0.000000E+00  0.000000E+00  0.000000E+00  0.000000E+00  0.000000E+00  0.000000E+00  0.000000E+00  0.000000E+00
    18  2.092431E-14  4.613389E-14  1.751843E-13  1.488195E-12  8.066095E-12  2.856694E-11  1.749399E-10  1.516147E-10  1.796304E-10  1.395022E-10  1.241740E-10  1.850519E-10  9.962945E-11  4.073343E-11  4.065340E-11  1.364388E-10  2.602958E-10  1.286058E-08  0.000000E+00  0.000000E+00  0.000000E+00  0.000000E+00  0.000000E+00  0.000000E+00  0.000000E+00  0.000000E+00  0.000000E+00  0.000000E+00  0.000000E+00  0.000000E+00
    19  5.987006E-15  1.318941E-14  4.976823E-14  3.784077E-13  1.675238E-12  5.928645E-12  3.646650E-11  3.148684E-11  3.723057E-11  2.916252E-11  2.578554E-11  3.836803E-11  2.179791E-11  6.580306E-12  2.402186E-12  2.016806E-11  2.001646E-11  1.657374E-10  1.124026E-08  0.000000E+00  0.000000E+00  0.000000E+00  0.000000E+00  0.000000E+00  0.000000E+00  0.000000E+00  0.000000E+00  0.000000E+00  0.000000E+00  0.000000E+00
    20  2.173598E-15  4.787310E-15  1.827685E-14  1.325895E-13  5.020892E-13  1.795157E-12  1.106929E-11  9.515114E-12  1.127114E-11  8.832160E-12  7.933576E-12  1.203286E-11  6.940286E-12  1.293262E-12  2.795932E-13  3.461828E-12  4.332258E-12  6.970604E-13  1.378616E-10  1.003933E-08  0.000000E+00  0.000000E+00  0.000000E+00  0.000000E+00  0.000000E+00  0.000000E+00  0.000000E+00  0.000000E+00  0.000000E+00  0.000000E+00
    21  6.331083E-16  1.188842E-15  4.019403E-15  3.582599E-14  1.752036E-13  6.441677E-13  3.852195E-12  3.549991E-12  4.243312E-12  3.338445E-12  3.008629E-12  4.587288E-12  2.662809E-12  3.320812E-13  4.110850E-14  5.262417E-13  6.524404E-13  1.355988E-13  0.000000E+00  1.319121E-10  9.788374E-09  0.000000E+00  0.000000E+00  0.000000E+00  0.000000E+00  0.000000E+00  0.000000E+00  0.000000E+00  0.000000E+00  0.000000E+00
    22  1.062100E-16  2.485739E-16  6.221642E-16  4.975354E-15  3.207771E-14  1.980579E-13  7.197172E-13  7.941673E-13  1.243711E-12  1.155273E-12  1.123512E-12  1.738693E-12  1.016243E-12  1.016424E-13  5.949688E-15  7.793577E-14  9.701703E-14  2.231730E-14  0.000000E+00  0.000000E+00  1.131730E-10  9.571542E-09  0.000000E+00  0.000000E+00  0.000000E+00  0.000000E+00  0.000000E+00  0.000000E+00  0.000000E+00  0.000000E+00
    23  1.458672E-17  3.494664E-17  9.079755E-17  6.808311E-16  4.389063E-15  3.497484E-14  1.181217E-13  1.093337E-13  1.776197E-13  1.954765E-13  2.542220E-13  5.917725E-13  3.823019E-13  3.040780E-14  8.555778E-16  1.142529E-14  1.461190E-14  3.486197E-15  0.000000E+00  0.000000E+00  0.000000E+00  1.096685E-10  9.151406E-09  0.000000E+00  0.000000E+00  0.000000E+00  0.000000E+00  0.000000E+00  0.000000E+00  0.000000E+00
    24  1.961300E-18  4.786323E-18  1.227063E-17  9.326247E-17  5.952594E-16  4.761050E-15  1.693855E-14  1.505695E-14  2.447258E-14  2.702771E-14  3.524458E-14  1.050249E-13  9.864597E-14  6.596715E-15  1.267415E-16  1.686034E-15  2.195746E-15  5.375977E-16  0.000000E+00  0.000000E+00  0.000000E+00  0.000000E+00  1.260823E-10  9.208165E-09  0.000000E+00  0.000000E+00  0.000000E+00  0.000000E+00  0.000000E+00  0.000000E+00
    25  1.831484E-19  3.154616E-19  8.036165E-19  1.090343E-17  7.495205E-17  6.317380E-16  2.271760E-15  2.073302E-15  3.371151E-15  3.734138E-15  4.880239E-15  1.461279E-14  1.470903E-14  1.026069E-15  1.717416E-17  2.499532E-16  3.261518E-16  8.067372E-17  0.000000E+00  0.000000E+00  0.000000E+00  0.000000E+00  0.000000E+00  9.067197E-11  9.158321E-09  0.000000E+00  0.000000E+00  0.000000E+00  0.000000E+00  0.000000E+00
    26  0.000000E+00  0.000000E+00  0.000000E+00  0.000000E+00  0.000000E+00  3.980626E-17  9.059895E-17  1.043820E-16  2.570983E-16  3.741468E-16  5.829571E-16  1.995412E-15  2.090635E-15  1.636627E-16  0.000000E+00  3.286402E-17  4.790645E-17  1.174963E-17  0.000000E+00  0.000000E+00  0.000000E+00  0.000000E+00  0.000000E+00  0.000000E+00  7.566298E-11  8.407142E-09  0.000000E+00  0.000000E+00  0.000000E+00  0.000000E+00
    27  0.000000E+00  0.000000E+00  0.000000E+00  0.000000E+00  0.000000E+00  0.000000E+00  0.000000E+00  0.000000E+00  0.000000E+00  0.000000E+00  0.000000E+00  7.771946E-17  1.402649E-16  3.130623E-17  0.000000E+00  0.000000E+00  6.517536E-18  8.544987E-19  0.000000E+00  0.000000E+00  0.000000E+00  0.000000E+00  0.000000E+00  0.000000E+00  0.000000E+00  1.354904E-10  9.182522E-09  0.000000E+00  0.000000E+00  0.000000E+00
    28  0.000000E+00  0.000000E+00  0.000000E+00  0.000000E+00  0.000000E+00  0.000000E+00  0.000000E+00  0.000000E+00  0.000000E+00  0.000000E+00  0.000000E+00  0.000000E+00  0.000000E+00  0.000000E+00  0.000000E+00  0.000000E+00  0.000000E+00  0.000000E+00  0.000000E+00  0.000000E+00  0.000000E+00  0.000000E+00  0.000000E+00  0.000000E+00  0.000000E+00  0.000000E+00  1.355367E-10  9.440500E-09  0.000000E+00  0.000000E+00
    29  0.000000E+00  0.000000E+00  0.000000E+00  0.000000E+00  0.000000E+00  0.000000E+00  0.000000E+00  0.000000E+00  0.000000E+00  0.000000E+00  0.000000E+00  0.000000E+00  0.000000E+00  0.000000E+00  0.000000E+00  0.000000E+00  0.000000E+00  0.000000E+00  0.000000E+00  0.000000E+00  0.000000E+00  0.000000E+00  0.000000E+00  0.000000E+00  0.000000E+00  0.000000E+00  0.000000E+00  1.379233E-10  8.833696E-09  0.000000E+00
    30  0.000000E+00  0.000000E+00  0.000000E+00  0.000000E+00  0.000000E+00  0.000000E+00  0.000000E+00  0.000000E+00  0.000000E+00  0.000000E+00  0.000000E+00  0.000000E+00  0.000000E+00  0.000000E+00  0.000000E+00  0.000000E+00  0.000000E+00  0.000000E+00  0.000000E+00  0.000000E+00  0.000000E+00  0.000000E+00  0.000000E+00  0.000000E+00  0.000000E+00  0.000000E+00  0.000000E+00  0.000000E+00  1.212451E-10  3.460175E-07
scattering sensitivity matrix, order= 1 (columns are outscattering, rows are inscattering)
             1             2             3             4             5             6             7             8             9            10            11            12            13            14            15            16            17            18            19            20            21            22            23            24            25            26            27            28            29            30
     1 -1.455808E-11  0.000000E+00  0.000000E+00  0.000000E+00  0.000000E+00  0.000000E+00  0.000000E+00  0.000000E+00  0.000000E+00  0.000000E+00  0.000000E+00  0.000000E+00  0.000000E+00  0.000000E+00  0.000000E+00  0.000000E+00  0.000000E+00  0.000000E+00  0.000000E+00  0.000000E+00  0.000000E+00  0.000000E+00  0.000000E+00  0.000000E+00  0.000000E+00  0.000000E+00  0.000000E+00  0.000000E+00  0.000000E+00  0.000000E+00
